263.54 -256.42
221.15 -276.16
271.99 -220.91
261.67 -254.17
247.34 -219.55
237.52 -222.24
266.73 -271.25
234.28 -230.95
275.31 -266.98
262.50 -253.48
225.94 -245.06
308.27 -216.90
271.75 -246.63
256.13 -239.04
202.85 -242.48
286.20 -212.41
294.31 -219.93
257.79 -286.77
257.45 -233.00
261.36 -228.53
229.28 -284.19
226.53 -248.23
250.61 -229.51
220.72 -277.57
265.46 -266.93
294.27 -303.16
264.55 -262.67
199.38 -209.82
279.55 -244.31
270.64 -229.64
306.08 -296.42
249.60 -205.35
181.10 -226.01
251.11 -258.89
277.44 -219.34
273.21 -231.61
319.83 -244.92
266.79 -257.79
275.97 -264.24
284.52 -274.26
262.45 -225.52
275.42 -268.73
293.43 -258.74
277.05 -244.98
217.19 -279.71
212.59 -238.18
284.23 -271.04
207.58 -228.75
285.61 -205.12
305.19 -225.48
225.05 -256.13
228.40 -245.51
233.23 -275.01
292.62 -238.90
271.57 -288.20
277.50 -220.22
268.02 -255.79
299.59 -280.06
258.61 -256.10
353.85 -235.53
249.82 -236.39
211.70 -246.91
311.32 -236.82
249.85 -221.25
243.00 -267.48
205.16 -255.13
284.18 -271.15
251.88 -250.59
245.32 -187.85
298.29 -183.29
214.24 -201.62
282.67 -228.72
286.95 -221.85
262.04 -237.61
273.91 -261.74
219.56 -246.11
249.24 -264.25
282.28 -246.74
276.46 -248.24
304.82 -227.54
250.59 -219.67
288.80 -224.49
216.60 -251.11
198.38 -251.54
199.51 -248.31
302.90 -273.95
264.74 -261.73
268.99 -285.65
223.18 -273.06
207.14 -253.62
242.50 -215.83
188.69 -249.33
318.65 -270.09
312.30 -230.65
246.97 -238.87
274.56 -258.52
246.37 -265.53
226.02 -206.16
238.67 -246.92
274.28 -222.51
225.25 -250.76
285.98 -191.18
228.58 -184.91
220.60 -273.30
267.58 -236.41
251.81 -254.16
290.86 -263.78
240.19 -261.90
257.62 -232.29
270.06 -239.51
278.34 -208.91
308.22 -230.59
248.78 -264.68
206.54 -284.60
161.58 -251.22
316.32 -286.43
245.86 -261.01
287.77 -282.30
275.18 -241.28
245.23 -242.11
224.58 -201.73
290.80 -237.49
273.21 -225.20
296.69 -296.52
239.42 -234.60
297.70 -230.60
203.45 -239.05
254.94 -162.85
196.36 -276.50
248.62 -200.11
249.59 -292.45
239.10 -265.04
280.92 -222.33
300.56 -243.86
231.85 -269.77
245.17 -252.77
263.16 -308.42
287.92 -222.22
225.86 -255.05
260.69 -248.52
235.38 -297.73
199.09 -242.34
263.48 -238.53
334.43 -261.04
294.86 -190.16
239.70 -232.11
277.14 -290.72
266.70 -253.19
240.35 -229.50
182.96 -223.47
287.32 -259.77
252.29 -191.03
222.67 -171.06
247.02 -226.02
266.32 -210.47
198.81 -252.92
299.01 -173.25
277.15 -230.01
230.39 -220.43
264.86 -205.46
302.59 -236.96
286.66 -243.23
315.44 -233.85
267.08 -228.40
233.69 -238.68
251.90 -256.63
300.33 -224.39
247.60 -241.38
306.86 -212.21
265.54 -269.53
259.12 -235.09
226.32 -203.14
255.56 -241.34
280.31 -230.31
233.46 -233.30
267.80 -223.56
317.48 -265.80
271.18 -180.22
270.35 -242.80
289.82 -239.60
236.82 -191.85
260.16 -303.65
241.89 -210.79
268.84 -195.12
272.35 -267.45
233.25 -245.79
244.24 -205.57
227.92 -232.42
273.00 -260.32
236.80 -245.03
236.09 -269.57
285.66 -176.20
303.82 -194.30
302.75 -293.65
249.55 -230.85
268.84 -243.14
262.09 -243.82
277.93 -242.25
264.53 -249.83
264.05 -219.21
260.97 -260.18
277.02 -243.48
311.19 -264.98
264.36 -216.78
224.53 -247.74
305.09 -225.45
254.45 -249.51
314.07 -264.40
215.85 -228.75
219.78 -252.22
251.80 -160.02
288.00 -237.01
241.80 -264.73
283.18 -256.50
353.41 -255.14
244.99 -237.57
263.94 -219.54
249.44 -200.03
262.92 -254.48
257.51 -266.12
249.17 -254.89
301.33 -233.93
278.84 -247.10
282.53 -239.10
253.40 -294.28
293.00 -249.47
254.89 -199.94
233.99 -221.82
273.74 -290.45
274.08 -268.03
246.72 -219.58
271.18 -198.91
222.87 -186.22
276.73 -218.84
316.53 -266.33
262.26 -233.40
246.77 -186.62
304.56 -228.55
281.54 -210.96
290.72 -233.62
236.45 -282.97
211.09 -232.03
281.47 -318.17
231.36 -245.37
238.02 -305.27
223.33 -216.40
216.90 -235.17
265.30 -261.93
298.49 -273.27
241.95 -277.18
233.02 -236.19
227.56 -250.84
281.95 -266.97
247.08 -238.67
222.28 -197.31
265.48 -213.63
208.77 -250.58
260.45 -239.54
238.06 -245.31
256.07 -196.47
334.32 -228.96
270.38 -285.73
207.04 -294.92
285.44 -283.65
234.47 -287.77
338.94 -214.71
310.27 -244.03
269.49 -269.18
252.95 -175.01
263.29 -208.80
243.40 -254.27
234.96 -286.84
242.54 -224.92
222.85 -248.43
245.25 -243.17
227.93 -202.84
223.91 -246.35
251.46 -237.08
250.20 -263.82
212.69 -245.51
258.48 -239.95
268.66 -210.68
215.01 -188.65
275.79 -267.97
230.59 -249.38
225.88 -270.50
244.63 -309.74
270.24 -230.00
275.66 -176.45
216.32 -241.74
273.04 -260.96
236.74 -211.06
293.32 -235.34
242.83 -274.36
283.56 -224.41
260.85 -193.72
276.30 -233.44
247.59 -230.72
265.69 -259.52
213.69 -228.50
249.55 -294.40
252.15 -288.86
259.53 -231.69
241.50 -169.04
246.48 -283.57
266.42 -255.19
210.48 -269.09
242.20 -233.26
243.23 -267.25
323.97 -235.02
250.62 -272.74
246.60 -237.89
271.37 -273.27
319.55 -255.15
295.09 -244.26
301.31 -253.94
277.21 -224.52
248.04 -233.76
273.41 -250.60
221.54 -276.77
276.99 -245.20
280.30 -252.64
238.93 -273.11
230.34 -209.32
259.93 -265.69
250.65 -222.64
266.31 -237.10
245.15 -271.57
273.43 -244.19
306.35 -214.58
234.36 -237.18
305.75 -212.88
250.29 -227.50
258.94 -229.10
253.20 -244.31
273.99 -198.03
261.57 -235.09
200.16 -317.57
249.02 -263.78
299.29 -246.94
341.61 -212.19
205.09 -244.46
218.59 -256.64
283.80 -250.87
270.95 -267.82
228.99 -241.51
264.73 -247.00
240.81 -236.20
251.51 -242.89
191.77 -180.08
244.69 -241.96
276.43 -187.85
279.47 -215.60
288.69 -217.26
236.92 -289.34
331.55 -224.34
296.46 -219.90
271.66 -207.18
252.67 -227.07
303.65 -254.29
256.01 -258.10
263.70 -245.46
265.00 -257.71
251.94 -224.94
239.25 -246.47
267.99 -214.41
291.93 -237.68
236.99 -176.27
241.99 -281.76
266.62 -211.99
268.60 -224.81
216.76 -281.99
227.24 -266.61
232.10 -255.18
276.96 -235.17
271.27 -248.18
244.67 -230.82
256.33 -204.45
229.64 -212.50
222.01 -209.02
296.19 -260.57
286.62 -233.31
302.70 -172.23
292.10 -274.41
241.03 -288.22
246.60 -214.61
233.85 -245.23
246.16 -216.88
334.59 -262.84
292.85 -244.82
244.31 -202.33
265.24 -206.82
250.75 -259.73
286.25 -262.58
309.26 -290.19
256.28 -263.18
317.99 -248.08
251.43 -238.48
238.91 -222.03
257.51 -288.06
278.71 -220.30
202.74 -217.50
313.59 -253.82
273.26 -287.76
257.90 -198.84
252.09 -221.47
273.77 -233.74
234.47 -213.45
240.06 -246.89
261.31 -248.39
292.53 -251.86
302.46 -229.89
251.66 -291.21
250.42 -199.65
231.27 -204.22
303.84 -264.87
281.72 -270.00
251.65 -295.02
284.81 -227.77
284.17 -215.55
275.19 -223.89
287.64 -189.02
236.47 -259.56
248.06 -183.33
243.82 -257.99
258.02 -230.20
236.64 -216.80
239.10 -233.69
268.45 -253.27
320.97 -304.09
207.17 -239.19
276.81 -226.57
295.77 -239.07
266.16 -206.00
265.95 -236.65
258.14 -312.75
258.40 -255.48
230.92 -214.09
259.86 -235.30
227.46 -243.59
223.38 -221.07
304.09 -245.99
205.01 -218.19
244.19 -224.89
294.85 -227.12
235.44 -184.69
215.17 -173.78
247.53 -206.92
205.22 -248.56
307.84 -256.44
255.39 -264.00
234.98 -239.96
340.08 -226.37
288.14 -257.23
274.43 -213.01
239.33 -251.73
255.36 -231.98
284.34 -231.85
294.93 -237.66
270.95 -299.28
268.26 -204.75
249.74 -223.46
293.07 -266.46
259.10 -247.65
302.17 -259.60
300.84 -245.12
283.28 -207.20
230.90 -231.37
231.68 -208.08
304.23 -239.79
262.76 -321.11
275.35 -173.84
272.13 -311.94
265.01 -245.57
274.77 -245.63
245.26 -230.95
232.49 -248.95
290.95 -267.15
291.53 -201.83
253.03 -214.30
290.70 -307.07
236.84 -207.61
225.58 -238.05
321.21 -199.00
293.40 -163.51
241.92 -243.75
181.06 -265.72
274.46 -221.62
297.90 -243.33
235.60 -226.83
254.22 -240.20
224.23 -271.09
283.08 -225.46
291.80 -246.40
321.82 -211.53
221.06 -234.72
232.17 -222.91
267.20 -193.78
293.17 -295.62
248.40 -262.56
229.16 -200.00
214.06 -271.99
253.16 -209.32
237.62 -213.79
259.36 -273.18
339.49 -235.68
248.95 -188.20
216.58 -207.19
248.63 -255.18
258.96 -213.70
257.37 -275.48
250.76 -237.08
245.23 -217.23
270.78 -287.48
235.29 -251.11
238.11 -249.48
293.47 -256.75
322.85 -250.56
258.64 -261.35
321.19 -271.92
304.14 -297.33
248.91 -270.03
258.81 -261.72
290.12 -200.88
296.94 -244.30
298.48 -235.87
289.69 -240.23
251.96 -252.39
281.89 -275.60
281.60 -276.39
271.45 -278.90
261.98 -255.21
288.91 -267.79
239.71 -246.26
237.14 -182.87
237.11 -230.42
251.59 -276.41
198.30 -237.83
282.64 -219.32
246.93 -200.53
258.70 -231.00
302.96 -249.71
321.94 -207.35
288.69 -285.35
278.42 -301.67
314.45 -272.12
301.37 -252.31
254.71 -301.81
269.87 -232.99
258.11 -267.68
237.73 -262.77
290.66 -235.43
217.00 -179.12
233.99 -167.30
273.64 -220.41
215.53 -229.32
236.73 -311.06
225.59 -255.08
234.34 -241.18
234.16 -211.92
250.54 -240.18
192.79 -356.62
253.66 -294.60
218.78 -286.66
296.20 -212.79
290.30 -277.08
242.82 -255.98
247.01 -257.40
242.42 -281.87
272.86 -290.43
249.22 -341.95
273.11 -240.15
260.08 -225.05
275.99 -241.87
254.17 -228.25
259.01 -252.20
296.23 -253.23
208.41 -229.82
249.56 -209.04
260.29 -315.81
245.19 -213.79
233.86 -209.40
231.26 -266.33
231.58 -271.22
259.06 -203.81
228.67 -238.93
277.56 -196.66
241.82 -169.79
275.23 -216.97
276.10 -255.39
244.10 -253.56
218.22 -278.75
236.49 -236.63
323.25 -274.46
275.13 -250.84
237.29 -242.13
256.63 -275.38
298.76 -216.54
229.16 -236.22
235.64 -212.01
284.27 -279.19
201.78 -286.43
295.03 -259.32
274.87 -264.22
299.26 -262.76
255.38 -166.14
195.49 -241.50
303.20 -245.06
284.62 -245.14
263.13 -239.54
270.17 -243.67
237.98 -304.56
301.62 -244.06
228.13 -301.51
213.15 -230.96
280.64 -278.04
278.02 -275.13
237.57 -248.14
265.18 -224.15
286.66 -282.54
238.78 -263.47
264.63 -226.96
329.75 -239.77
276.41 -271.15
273.45 -253.90
202.64 -295.02
291.20 -266.49
353.46 -237.90
272.42 -230.90
283.73 -230.00
300.24 -234.87
313.42 -206.35
293.02 -295.38
209.52 -202.21
224.65 -254.20
308.50 -207.64
260.19 -246.19
247.70 -256.83
274.05 -278.45
273.37 -271.42
261.47 -187.88
294.03 -243.67
232.83 -239.14
277.44 -265.90
221.33 -263.49
275.97 -212.74
263.77 -226.42
245.76 -237.83
265.61 -219.97
270.51 -220.47
229.55 -252.60
278.01 -235.76
248.22 -218.25
273.63 -235.48
241.03 -174.35
305.19 -298.25
251.89 -258.16
243.04 -213.23
319.89 -275.64
153.11 -252.67
299.81 -268.57
269.61 -224.21
266.88 -287.32
275.32 -284.10
244.24 -243.18
237.60 -187.70
203.56 -268.65
255.80 -230.70
245.02 -229.78
266.23 -268.27
202.53 -223.00
256.51 -282.40
246.16 -289.24
233.87 -248.93
230.58 -257.68
301.43 -261.21
244.63 -230.24
256.83 -234.02
263.39 -250.62
275.34 -245.05
243.93 -197.26
275.54 -235.20
201.19 -263.13
320.15 -204.53
227.38 -248.33
231.43 -202.52
263.52 -258.13
319.18 -231.33
240.08 -234.20
340.63 -228.97
241.93 -264.61
224.52 -232.98
261.84 -249.57
225.65 -202.76
255.91 -241.42
264.32 -212.12
220.95 -234.30
222.21 -253.27
253.23 -286.47
299.92 -244.28
212.21 -223.40
214.84 -226.51
240.17 -220.22
281.69 -276.84
294.96 -241.19
288.97 -211.15
247.51 -268.95
265.50 -253.66
300.57 -280.58
290.47 -220.66
274.25 -305.86
298.01 -208.23
218.09 -245.69
258.05 -284.53
258.17 -193.55
277.33 -212.30
269.72 -285.45
247.83 -272.28
244.54 -298.46
264.86 -235.56
259.89 -222.98
237.26 -231.00
215.84 -228.67
309.01 -226.90
214.86 -250.22
293.03 -256.83
239.78 -280.67
244.14 -250.42
242.60 -269.44
252.81 -250.25
299.44 -236.46
289.45 -225.92
324.97 -245.08
280.66 -224.92
260.00 -239.73
291.69 -263.78
241.93 -246.80
209.86 -195.57
274.71 -236.90
204.68 -277.87
277.20 -276.64
260.46 -246.57
254.31 -196.45
292.86 -255.17
216.37 -283.89
254.07 -239.34
252.23 -257.63
228.91 -270.50
280.12 -249.07
288.66 -264.82
244.08 -247.54
239.73 -226.10
295.50 -242.54
288.98 -269.13
288.45 -250.83
288.86 -219.13
220.00 -237.94
262.17 -288.78
295.59 -218.81
231.88 -243.75
241.77 -224.48
267.34 -234.72
300.79 -234.70
253.53 -266.42
273.81 -270.87
272.31 -269.22
274.94 -242.98
266.81 -236.86
249.18 -268.18
265.91 -167.28
231.72 -224.18
251.56 -259.20
213.20 -323.44
280.40 -254.15
283.84 -232.57
299.64 -263.74
274.92 -309.22
289.28 -220.46
245.47 -217.75
258.69 -234.22
205.32 -176.39
226.04 -229.89
278.40 -262.16
293.91 -253.46
291.30 -272.48
320.91 -220.18
288.26 -247.44
248.89 -260.98
248.78 -224.10
281.63 -265.90
257.96 -236.56
237.79 -272.36
214.24 -237.29
301.58 -253.00
258.11 -289.88
226.63 -202.55
326.23 -263.09
283.47 -299.47
242.41 -276.24
218.76 -290.35
242.82 -241.81
241.38 -249.10
263.99 -257.36
230.64 -239.24
254.27 -248.22
238.98 -305.53
284.45 -231.66
275.19 -231.64
212.58 -334.91
328.68 -268.48
289.58 -270.64
242.79 -262.14
211.51 -214.83
254.23 -222.75
296.03 -215.70
263.35 -217.15
293.37 -239.43
285.99 -297.08
234.93 -197.82
283.27 -250.86
291.03 -208.88
238.41 -186.63
265.53 -279.39
282.72 -225.95
272.18 -302.73
233.29 -230.93
270.70 -264.74
233.33 -288.89
251.13 -256.17
151.33 -207.98
209.18 -258.08
301.48 -266.70
268.28 -292.05
277.88 -287.20
261.66 -202.55
294.64 -261.50
244.27 -258.79
315.18 -273.75
274.77 -258.62
294.34 -203.19
293.35 -237.77
241.51 -266.44
279.80 -208.66
174.74 -228.53
233.77 -237.23
267.88 -258.10
275.00 -287.54
220.77 -267.96
244.29 -249.26
210.58 -248.74
238.15 -233.60
256.18 -266.23
164.47 -197.96
194.80 -211.34
268.70 -221.48
265.67 -239.34
218.65 -326.58
256.49 -248.05
278.57 -210.22
222.61 -252.37
217.10 -245.47
250.74 -231.72
232.18 -261.02
244.82 -216.17
277.60 -252.89
229.86 -234.23
278.40 -274.42
246.94 -261.64
257.08 -204.47
199.10 -207.23
255.67 -279.98
264.23 -228.26
266.89 -235.07
250.82 -253.90
234.42 -264.91
217.41 -263.38
227.72 -249.34
272.50 -256.46
254.06 -238.33
265.30 -243.84
334.87 -246.52
286.32 -292.31
221.42 -251.99
316.10 -223.18
236.57 -237.08
234.09 -261.42
247.10 -284.11
246.32 -223.63
204.31 -234.12
247.14 -242.10
234.27 -269.64
281.50 -274.89
276.84 -209.90
285.79 -252.69
243.41 -217.97
245.64 -182.80
273.79 -202.26
304.26 -255.52
257.19 -226.91
230.80 -217.36
257.46 -253.53
246.49 -198.20
295.65 -223.81
257.33 -287.78
260.73 -229.44
216.26 -228.53
267.66 -205.31
302.35 -309.64
208.64 -222.82
253.28 -193.15
303.89 -250.48
248.40 -221.13
240.73 -249.53
228.95 -282.48
236.79 -239.50
222.54 -200.18
299.02 -222.36
251.58 -270.23
276.66 -245.13
247.75 -230.17
231.62 -199.28
226.81 -300.86
313.45 -234.75
260.97 -206.74
265.31 -256.92
275.97 -224.62
242.56 -236.39
247.44 -231.08
220.64 -243.10
250.87 -250.92
268.53 -279.60
268.47 -286.94
281.16 -239.51
266.86 -258.79
293.52 -274.06
237.89 -178.29
242.36 -231.45
278.29 -212.17
293.20 -289.74
250.47 -224.57
236.87 -239.13
219.65 -221.10
266.74 -229.97
199.57 -256.25
304.76 -230.66
246.15 -235.43
258.81 -233.22
267.74 -238.02
305.67 -209.09
246.02 -249.09
230.57 -224.22
252.34 -183.76
237.01 -223.17
212.49 -278.34
186.05 -244.82
302.76 -211.64
291.77 -216.97
227.34 -242.67
282.70 -252.43
251.26 -311.56
283.89 -270.48
299.43 -274.73
218.22 -222.17
265.53 -228.00
231.91 -250.14
196.40 -187.42
245.64 -262.85
261.47 -249.40
242.02 -254.51
240.23 -227.44
272.78 -222.08
200.00 -249.89
303.44 -249.85
277.44 -248.39
282.08 -269.56
188.37 -266.68
288.40 -189.12
239.83 -196.38
254.92 -258.64
258.89 -204.58
248.98 -206.10
206.41 -203.82
257.87 -248.00
296.51 -240.93
212.53 -232.93
215.60 -216.39
273.16 -230.69
269.08 -230.19
277.22 -242.19
250.18 -248.31
283.30 -282.80
229.02 -202.40
280.89 -236.64
314.60 -173.89
279.63 -207.49
316.50 -234.94
306.56 -238.36
268.62 -294.35
282.93 -257.96
249.18 -233.36
333.59 264.05
353.67 217.07
466.81 302.70
361.37 240.56
373.49 263.85
342.49 261.37
403.25 129.99
364.16 276.83
352.78 237.90
416.94 248.79
382.25 240.81
404.04 227.46
393.82 278.82
416.57 205.95
414.69 270.83
402.65 214.91
363.25 186.65
437.93 218.23
337.54 231.44
377.07 226.68
418.20 243.62
388.21 257.27
364.12 226.81
381.86 170.45
396.24 248.29
377.32 255.49
351.09 311.20
434.06 256.58
391.92 268.69
371.95 239.48
396.61 265.82
440.75 212.73
457.33 211.04
387.27 227.07
389.67 279.35
368.23 191.76
393.78 239.65
360.99 292.74
372.14 161.23
392.08 213.32
347.20 243.76
394.36 250.11
370.30 258.08
412.59 202.66
437.02 216.39
430.02 269.52
356.12 225.64
387.03 259.35
345.89 237.39
403.90 222.96
399.09 195.64
379.31 225.69
378.36 205.19
341.50 298.59
420.08 201.45
398.90 251.00
389.08 170.59
363.05 231.52
394.92 224.47
384.65 227.64
385.88 222.85
333.22 226.44
428.51 253.31
350.10 232.85
351.01 229.00
353.39 193.92
424.80 252.01
391.40 254.98
392.89 214.72
398.54 225.46
340.46 239.07
340.15 216.36
380.59 257.05
435.20 222.13
426.97 245.84
356.33 171.04
426.54 216.37
330.53 194.12
423.17 286.41
389.29 215.21
366.84 261.34
409.78 229.73
426.23 187.58
347.52 214.61
376.02 231.05
412.70 187.24
390.44 247.79
367.97 261.25
402.16 212.31
371.40 196.51
426.68 235.20
368.26 224.28
402.35 177.81
425.44 243.68
427.40 275.25
355.18 195.48
372.50 126.07
337.76 164.43
405.45 230.04
362.23 253.25
400.96 246.48
390.16 174.99
376.84 245.61
354.57 241.63
388.12 234.37
393.45 254.75
390.27 219.60
431.05 227.24
317.28 214.98
368.10 203.49
402.03 246.75
353.04 287.48
402.19 176.84
414.92 232.55
389.15 262.71
408.10 243.13
366.04 219.31
383.59 230.84
379.49 182.84
442.19 204.56
398.71 178.85
390.19 246.88
322.00 262.95
400.93 185.43
418.69 243.21
365.50 263.39
308.98 269.64
356.34 271.06
380.98 200.27
431.70 224.10
363.55 243.43
363.75 266.72
342.56 229.17
423.92 245.16
416.48 257.16
421.10 264.56
431.36 168.07
429.28 277.94
424.11 238.76
394.39 238.17
375.67 206.19
382.56 250.26
343.60 275.19
383.82 240.35
403.11 230.98
374.84 260.84
413.05 206.47
441.16 240.38
395.44 238.27
394.30 260.91
408.01 242.07
371.88 164.45
390.82 255.09
461.15 234.37
372.04 223.40
388.81 216.59
413.50 299.81
320.61 227.12
411.34 240.17
409.25 232.24
371.42 217.36
425.03 261.16
384.90 205.87
406.58 253.57
341.91 203.38
365.62 238.16
386.32 252.81
408.88 256.16
380.32 284.19
423.32 228.00
425.45 223.54
379.56 222.73
418.17 181.67
405.78 234.86
434.41 327.77
376.12 237.21
398.78 231.84
398.55 242.66
403.11 214.10
414.26 249.49
434.93 247.93
379.63 295.97
398.55 216.84
368.24 266.24
376.09 176.32
377.35 231.13
420.97 263.24
387.70 209.88
437.54 258.10
421.10 212.29
385.09 179.98
404.76 199.79
410.40 201.57
431.85 218.39
429.45 278.84
326.83 195.28
418.43 222.00
364.85 243.35
364.14 208.55
356.75 170.90
363.41 280.38
416.90 218.00
382.58 212.69
355.46 210.10
323.51 288.59
401.74 233.68
343.67 242.14
419.61 227.61
401.56 220.24
421.01 229.78
398.68 230.24
381.73 273.58
389.75 208.07
428.67 194.64
389.80 238.92
421.47 212.26
372.10 255.55
385.66 244.97
433.12 274.45
391.39 221.54
328.14 202.76
400.36 220.87
369.62 259.07
380.32 204.47
414.30 249.17
356.55 246.18
444.44 228.86
385.19 196.63
350.39 198.27
342.53 183.45
388.60 208.89
406.09 200.54
399.62 194.51
361.19 221.16
415.09 228.43
394.90 180.00
370.74 227.46
358.56 276.91
356.07 206.21
336.50 283.93
424.00 242.83
327.24 216.59
350.99 217.11
375.45 283.39
415.85 205.88
376.92 247.61
423.52 219.73
405.78 278.64
350.09 263.47
435.95 272.52
367.07 189.37
394.02 176.59
394.42 251.79
400.89 206.57
385.49 239.05
423.22 241.42
351.50 311.00
422.38 300.32
416.27 246.22
395.82 232.94
414.43 235.47
315.40 185.55
413.39 220.77
362.24 234.72
394.48 308.01
379.99 213.32
447.33 206.10
354.72 226.54
412.12 217.28
423.96 199.44
411.30 215.43
400.87 274.72
378.40 209.42
414.33 286.94
416.97 228.35
374.12 226.73
357.21 268.62
369.96 182.97
377.04 269.11
372.41 238.93
386.43 232.79
372.24 239.00
395.04 247.28
377.88 193.92
380.41 185.76
361.58 269.75
376.16 218.46
393.37 280.90
403.07 220.38
370.29 216.07
386.39 230.01
369.26 230.25
371.04 204.11
337.77 245.61
400.74 185.68
360.14 224.51
365.49 245.60
409.38 229.41
380.79 281.97
370.04 229.77
360.73 194.39
425.52 297.49
418.96 258.78
352.47 267.93
426.74 252.99
390.53 207.29
365.92 286.55
334.31 205.41
387.61 216.73
437.97 235.55
360.31 222.89
356.63 277.60
407.38 202.43
427.11 243.37
405.34 193.83
378.14 178.41
339.34 211.30
411.41 194.13
384.65 218.05
401.74 233.62
358.92 223.32
444.24 217.18
425.68 274.57
380.74 227.35
430.14 282.42
404.02 236.10
356.59 238.13
398.31 218.91
338.68 229.12
397.45 244.40
390.95 258.02
398.68 237.46
360.83 255.05
388.38 283.13
392.23 315.19
350.22 203.34
374.72 238.95
401.79 211.06
371.28 249.20
353.59 211.05
350.85 187.45
383.59 249.61
326.12 280.53
431.69 282.21
420.85 213.70
417.02 239.77
406.19 232.57
353.35 245.29
384.12 260.66
429.11 217.80
376.71 222.50
412.62 231.53
454.89 251.81
408.77 258.34
387.47 207.68
418.97 212.68
378.43 274.25
397.88 251.42
443.22 224.90
412.73 175.44
391.34 237.96
368.58 241.61
386.90 238.93
425.10 233.39
390.25 215.59
337.77 210.49
375.58 270.03
346.59 219.80
393.75 211.97
422.94 248.29
415.12 265.38
483.70 263.10
413.16 229.78
363.94 279.90
340.89 194.84
370.72 216.16
434.01 219.92
366.10 181.56
317.35 209.35
405.51 248.70
436.10 214.16
384.41 282.93
427.07 259.38
338.83 236.07
393.68 286.31
319.90 227.37
443.77 224.16
382.31 194.83
396.35 254.84
409.13 231.70
310.37 236.87
343.28 215.83
372.92 278.90
382.04 209.77
404.07 239.33
366.21 192.56
342.85 228.04
421.97 254.80
388.86 255.10
401.97 242.42
393.25 214.26
396.27 268.61
403.71 256.21
398.21 263.33
353.70 197.07
369.79 212.27
438.73 248.09
381.75 226.02
397.53 220.63
388.02 243.52
405.97 220.26
432.41 194.16
427.56 192.74
382.32 262.25
398.48 285.27
431.57 243.56
399.30 297.55
413.13 272.44
406.17 239.25
400.75 213.89
388.14 266.70
383.74 202.29
377.53 243.52
340.07 199.16
391.49 223.35
376.43 177.39
411.07 228.02
376.49 257.05
386.67 245.49
380.37 250.09
383.38 255.01
352.46 207.99
368.00 250.02
381.77 269.49
416.48 239.64
394.64 254.78
387.36 243.92
392.37 211.37
431.99 198.10
373.49 184.09
360.61 195.48
374.44 258.58
379.48 314.72
396.67 215.15
432.41 254.87
365.47 206.51
415.03 216.80
429.92 213.67
409.09 239.60
419.90 251.38
359.36 193.47
380.23 228.42
403.06 251.01
418.23 261.49
331.23 181.22
422.63 200.85
384.87 240.13
390.38 216.20
388.02 237.08
400.83 207.71
361.27 267.43
438.45 244.54
356.12 233.61
397.45 226.33
403.04 247.12
386.34 239.41
425.94 208.55
390.39 242.59
381.18 233.41
384.07 266.03
377.06 218.38
387.74 228.71
353.52 213.35
392.75 175.76
357.43 193.37
343.46 185.86
371.53 248.62
383.82 186.92
419.93 232.33
449.31 231.46
418.43 218.38
390.70 252.29
434.33 228.47
335.24 226.76
357.86 230.01
365.57 246.02
427.93 257.76
383.17 227.26
368.62 261.40
380.22 270.16
381.05 215.45
344.55 229.49
375.15 216.72
381.39 236.45
390.11 301.87
442.65 246.32
403.63 206.34
384.75 270.09
347.49 233.28
457.38 209.90
449.82 193.76
341.62 245.53
387.20 260.83
380.40 270.28
367.74 244.21
447.23 188.33
349.70 220.17
347.75 225.63
409.80 237.33
410.35 262.52
372.63 234.13
378.73 191.38
394.58 205.06
407.10 195.27
349.89 242.70
367.56 160.72
357.22 198.44
430.03 214.01
388.03 218.61
379.54 257.62
404.11 230.16
377.42 211.95
363.60 252.04
331.32 248.06
418.66 224.37
408.20 295.46
401.12 216.31
378.16 272.30
385.22 231.77
377.86 279.67
411.29 215.74
382.75 184.54
389.91 215.67
378.25 191.27
350.40 230.75
390.32 220.88
417.05 203.39
370.25 235.25
404.69 293.31
415.54 198.84
400.61 292.93
354.03 251.83
374.58 252.37
368.45 314.06
416.37 169.58
390.89 184.33
415.73 261.34
467.43 227.49
433.24 231.39
380.62 212.09
439.03 241.72
416.80 210.59
370.76 264.60
340.69 247.87
378.95 247.06
328.72 277.04
413.18 187.48
417.25 204.24
439.25 233.57
413.30 220.54
374.25 191.45
391.03 207.07
359.72 263.76
413.81 207.86
379.22 208.65
359.91 240.44
434.44 242.49
407.52 277.81
361.71 263.77
404.48 223.71
364.45 161.20
424.48 262.58
396.40 205.26
353.88 252.56
376.53 252.68
358.49 217.41
359.27 217.57
414.60 251.51
425.90 251.01
358.56 198.23
400.24 261.43
358.03 232.48
373.96 187.30
338.35 270.42
384.56 239.43
394.17 310.48
354.36 295.01
407.67 213.11
397.46 160.77
395.85 228.53
406.86 243.04
355.56 182.48
373.24 261.82
390.42 233.41
344.34 237.13
392.08 254.12
387.06 253.34
391.92 207.15
423.59 243.08
376.34 285.63
414.10 248.09
353.43 242.80
413.03 317.25
369.76 270.56
391.76 238.90
379.17 244.30
347.36 209.25
393.44 183.20
389.06 280.90
380.07 240.96
426.38 217.50
405.68 198.10
389.39 261.75
374.23 231.37
403.04 189.78
431.63 306.12
437.54 232.64
382.43 223.41
372.71 229.46
383.82 270.69
433.77 235.06
378.77 259.30
403.02 258.87
389.30 212.16
390.93 203.85
419.75 268.63
417.25 208.76
384.77 262.11
382.02 220.13
425.92 271.79
349.33 227.21
371.76 241.10
410.23 215.59
414.82 215.73
391.03 190.57
408.12 186.58
394.73 283.12
381.30 239.77
374.84 240.65
415.98 176.84
421.63 245.37
344.68 234.30
366.70 205.49
396.82 167.86
405.48 229.09
405.71 237.34
408.09 292.16
351.54 264.89
365.08 214.56
427.39 242.52
417.41 191.94
388.54 246.40
384.98 244.20
386.39 240.53
398.49 209.85
421.48 215.01
423.91 204.92
338.90 254.98
379.72 248.75
379.32 247.06
401.13 238.58
381.78 279.94
375.96 285.16
352.89 220.08
419.02 256.51
438.74 256.90
438.31 247.73
344.66 227.69
378.54 272.50
423.39 271.14
412.52 244.11
400.22 204.75
416.87 250.27
382.93 240.75
376.49 254.89
389.50 296.47
414.41 285.87
388.40 208.48
402.63 256.19
395.52 216.01
417.32 278.80
366.55 197.78
396.90 237.22
418.58 216.89
402.56 224.32
363.04 211.72
370.09 256.30
370.22 266.44
426.29 246.81
401.55 259.51
400.91 277.55
370.13 221.44
386.41 219.76
391.36 221.89
433.64 241.99
379.57 246.81
386.36 221.04
384.21 272.74
402.41 247.36
330.42 291.64
320.14 226.90
396.46 188.53
394.09 230.83
431.36 202.72
405.46 250.31
398.74 232.07
365.62 238.63
446.02 219.08
395.24 234.63
386.09 221.61
374.50 241.81
381.01 249.15
382.16 250.37
420.58 234.28
395.73 194.06
377.01 288.54
428.69 185.32
443.27 195.59
361.33 195.71
406.33 262.26
409.82 233.05
356.92 233.36
451.49 215.64
418.27 181.99
369.14 283.66
357.44 183.16
445.64 271.70
377.30 244.77
379.73 207.39
329.98 238.73
367.15 236.40
412.30 253.57
404.32 184.69
410.48 287.58
417.10 202.50
384.35 228.80
401.60 270.61
397.68 244.19
375.63 246.99
352.11 219.58
386.60 228.01
363.13 185.30
370.47 227.04
423.30 205.14
385.64 237.55
350.64 246.00
422.60 267.23
387.10 201.21
408.82 221.78
397.83 156.11
362.38 197.15
414.33 231.10
382.66 261.79
377.16 259.48
365.25 206.37
348.97 200.76
406.82 238.09
408.25 216.08
365.13 294.69
421.24 231.31
384.67 195.62
412.96 253.22
384.33 228.95
380.78 244.83
419.10 236.59
379.24 188.55
417.76 164.76
417.53 277.72
405.86 255.38
417.27 218.73
358.37 205.01
354.31 201.07
405.02 277.47
400.63 254.36
447.76 310.41
403.32 263.16
399.90 213.21
327.71 284.19
393.08 203.12
400.14 238.06
368.60 202.97
402.96 223.85
436.67 229.27
405.69 261.69
388.20 194.29
428.13 220.18
400.77 212.77
389.00 243.92
394.86 235.47
396.12 278.36
381.39 147.30
420.95 247.31
428.64 241.18
408.64 207.50
413.64 252.75
393.59 194.38
407.14 266.62
286.69 220.16
378.08 198.94
381.57 261.66
401.93 234.68
386.41 239.62
379.72 248.74
413.51 249.10
328.98 228.66
399.86 220.36
413.56 198.84
396.32 165.84
413.51 203.29
421.05 252.05
421.25 235.20
386.91 174.69
358.28 246.90
412.20 292.15
339.28 262.41
367.53 248.84
398.11 205.15
359.19 188.56
458.08 224.91
376.43 236.59
357.49 238.22
313.22 279.16
437.20 233.61
394.33 208.25
370.57 211.69
428.43 249.79
403.15 215.49
405.09 206.24
405.90 237.44
428.93 206.65
342.36 262.40
375.71 249.57
382.70 252.83
386.72 242.24
362.90 263.33
384.10 252.62
374.35 219.62
397.19 134.29
363.50 235.59
413.61 281.09
384.77 229.11
418.63 258.92
381.35 262.32
450.66 175.95
425.28 217.66
400.33 236.73
375.44 199.79
373.12 222.15
409.76 247.76
415.64 247.25
380.63 194.14
452.39 214.86
353.13 199.94
396.14 209.65
426.98 184.74
369.95 216.58
426.40 225.89
415.38 275.83
414.41 220.07
383.95 212.65
355.47 237.22
350.62 196.53
372.48 268.80
433.52 222.32
367.55 224.07
366.49 278.82
352.17 215.13
407.50 242.42
395.11 239.83
357.24 189.90
390.17 234.64
393.80 204.72
449.44 223.11
380.92 243.62
359.99 183.19
361.20 175.12
350.27 168.03
382.77 240.09
407.63 298.95
377.80 201.34
398.23 251.79
424.95 214.42
427.94 242.77
360.76 244.02
463.56 220.69
436.32 219.57
358.86 217.21
396.45 200.61
390.98 218.77
397.98 199.02
391.52 255.96
354.35 237.01
362.24 200.53
387.31 248.81
392.08 163.61
387.89 268.03
347.88 257.15
381.01 296.83
363.47 243.74
379.07 252.81
407.90 194.15
345.30 259.57
423.64 263.41
388.11 219.22
357.39 256.97
438.99 185.40
371.62 269.74
385.61 176.28
346.85 206.81
402.99 306.35
390.71 268.69
401.12 200.90
412.82 189.29
369.16 230.06
412.91 282.01
431.60 189.89
296.92 255.72
378.19 220.75
396.64 243.86
428.80 213.57
375.82 245.25
391.66 269.31
373.51 293.34
341.77 200.30
417.87 196.43
392.99 254.52
423.02 241.43
366.49 258.83
391.56 212.10
384.66 188.56
403.26 212.54
374.96 263.58
369.67 266.91
395.02 255.92
445.02 281.32
434.61 273.31
378.19 278.60
325.04 242.04
367.11 235.67
364.01 189.09
390.11 223.45
384.11 256.77
381.76 208.14
426.61 253.15
418.31 230.30
391.97 243.33
371.56 225.09
422.96 238.45
420.75 233.54
364.09 232.05
370.11 227.95
353.82 234.47
350.71 263.05
418.95 228.21
399.54 224.36
353.31 208.86
373.88 218.19
372.75 236.83
343.67 255.32
362.59 194.61
375.60 255.18
391.36 228.22
396.72 235.41
429.67 227.31
357.62 266.82
396.03 243.86
431.42 175.32
370.30 206.20
370.65 228.95
411.71 162.28
433.90 213.51
394.78 236.62
419.99 235.79
324.20 278.56
395.23 196.52
378.03 249.72
388.78 309.69
404.70 263.64
378.33 226.93
372.84 233.44
348.34 238.13
405.86 271.03
393.86 216.01
375.30 255.66
408.32 196.46
322.80 222.82
396.90 273.86
413.57 224.87
398.41 204.99
406.96 241.07
306.61 231.47
385.54 211.67
373.21 277.18
436.20 237.06
388.02 217.21
360.98 228.36
387.29 225.32
419.23 243.06
364.19 207.69
395.70 163.68
260.78 1.45
277.48 39.83
191.48 34.45
210.32 76.61
255.67 12.49
281.89 7.28
247.93 30.21
241.35 11.81
289.58 49.61
258.52 18.31
289.76 36.25
209.22 22.29
217.56 14.85
235.58 52.83
252.13 61.48
284.47 84.38
291.83 38.19
211.84 20.79
253.45 -13.85
289.44 26.16
318.66 -29.65
256.13 43.22
255.61 27.22
245.05 28.71
229.33 12.14
217.74 75.65
237.27 36.32
245.79 -35.07
281.36 66.59
265.01 7.65
248.13 51.51
267.72 -0.62
270.42 71.65
242.27 12.22
237.76 0.64
307.97 -3.06
231.23 71.00
237.93 44.54
206.46 37.77
263.46 89.04
296.42 57.79
263.90 4.10
244.83 23.24
288.03 -4.54
257.46 0.19
248.49 59.98
235.49 74.55
242.69 62.69
294.24 6.88
258.06 34.08
269.55 29.70
251.35 -15.68
237.63 -33.86
213.36 -21.87
254.67 25.79
331.10 59.28
197.49 43.23
274.22 -16.12
259.72 50.33
277.56 21.40
191.41 60.69
280.50 7.90
257.95 45.96
249.67 -36.43
314.88 25.19
250.76 23.87
249.95 51.48
246.38 38.13
281.79 80.21
260.32 5.83
248.44 53.97
246.75 25.90
234.82 15.36
291.32 1.20
255.71 7.72
194.37 -5.12
247.11 48.92
245.63 32.67
303.98 51.31
281.07 -3.10
304.96 89.78
292.42 7.75
220.74 35.39
293.76 33.46
223.48 25.80
310.42 20.24
282.83 36.25
217.38 11.58
235.25 44.55
234.58 63.08
223.47 6.24
274.76 67.63
274.67 15.92
234.67 74.47
272.29 42.78
235.12 7.42
322.92 14.00
266.32 57.47
312.81 12.48
285.62 -29.25
255.19 40.06
266.02 35.10
260.68 49.46
242.30 19.63
278.18 15.94
232.60 72.42
277.77 18.75
219.44 -5.02
263.95 15.59
307.14 36.93
277.88 40.31
228.03 22.27
299.13 6.61
235.32 63.54
280.12 -3.37
262.32 -16.55
287.52 39.08
259.47 71.19
270.37 -47.75
254.06 41.61
231.58 37.08
272.50 -4.27
267.93 89.25
241.44 39.18
250.37 1.41
225.67 6.30
286.35 64.03
259.71 0.18
276.41 52.10
260.27 53.70
242.31 37.28
278.32 45.97
225.18 -32.39
222.82 61.45
270.86 6.59
335.00 22.32
298.19 19.33
284.88 -3.11
250.19 -6.17
205.21 56.36
275.76 -0.32
355.56 4.87
220.06 26.68
240.55 -20.95
210.96 36.35
266.98 1.82
247.18 38.43
262.68 28.71
227.17 36.82
221.01 4.85
246.34 10.94
276.26 40.88
272.26 54.68
245.90 29.33
266.16 -0.42
258.76 -24.92
240.93 -17.90
224.95 30.12
242.86 -51.16
274.48 8.80
263.00 25.05
304.05 19.53
269.49 31.72
229.76 41.94
193.99 31.30
289.38 37.03
232.05 -46.86
318.21 50.16
272.18 26.81
245.50 39.10
284.52 43.27
260.16 -11.69
357.08 7.80
260.75 2.42
249.78 50.21
290.91 15.05
249.98 22.48
260.15 38.58
258.22 -18.01
245.58 -6.07
243.15 10.32
250.59 58.99
266.81 8.42
226.02 -0.56
281.37 65.06
252.36 27.22
285.30 49.55
281.04 31.69
246.62 52.38
211.86 -25.57
254.41 8.78
234.94 51.91
236.87 50.18
264.80 47.19
251.40 41.58
280.66 40.66
276.18 -0.94
195.86 -22.45
311.78 -6.63
226.12 -44.52
261.89 13.88
248.03 -0.71
264.08 110.06
254.92 92.27
240.82 30.86
214.26 8.90
252.19 -33.70
260.13 59.15
242.98 13.80
272.21 80.30
218.37 33.17
313.83 4.32
252.11 -4.53
252.77 56.09
252.49 75.62
265.80 -49.12
291.20 50.79
248.07 -32.55
343.04 0.35
211.58 62.15
266.46 -3.72
223.07 83.24
271.80 21.00
275.17 18.52
255.73 16.68
249.54 25.21
283.16 26.29
285.07 -42.48
265.10 33.12
264.94 -25.29
308.88 75.33
274.18 14.61
280.38 26.15
229.69 6.92
228.42 2.74
314.16 11.07
238.66 105.12
264.76 -9.00
273.21 37.47
261.97 30.92
271.79 69.99
307.59 3.17
251.01 31.23
255.87 71.97
254.29 2.02
248.62 6.46
285.95 13.08
191.04 -4.58
250.62 85.70
313.34 -13.57
239.18 -33.06
215.14 66.73
268.33 62.64
277.74 70.16
244.17 27.56
268.79 33.54
273.53 12.67
319.51 52.38
302.75 6.54
247.46 53.59
259.61 -18.19
257.07 12.82
258.92 9.38
214.23 -46.16
291.20 28.75
245.70 29.53
258.48 37.78
220.31 93.46
267.03 18.99
249.03 21.47
242.02 -14.25
289.90 -10.17
242.84 -7.75
285.57 34.68
317.13 -46.88
219.85 -13.06
268.49 6.27
284.59 48.89
285.90 10.29
262.74 -21.02
284.83 17.01
241.00 7.07
275.24 10.74
254.94 -16.09
289.22 55.90
258.06 44.85
301.67 24.76
200.23 10.04
253.41 13.80
291.13 60.81
277.84 5.90
295.25 -12.35
227.19 27.68
278.84 70.64
298.86 65.85
269.43 20.47
260.92 61.91
280.14 20.27
199.82 20.41
278.47 32.71
261.70 52.44
240.42 61.36
293.99 -11.89
303.59 11.04
272.05 31.09
281.57 65.30
294.34 -18.25
223.55 70.24
284.25 58.07
297.86 -20.35
311.85 -3.83
270.01 25.11
227.02 -19.83
262.58 26.08
276.97 55.08
282.28 0.16
296.98 3.41
284.14 27.09
240.92 37.41
233.91 41.16
298.38 15.14
274.50 32.27
196.96 11.60
328.77 54.66
228.34 26.32
277.82 19.53
272.82 83.39
244.72 25.21
273.95 -8.43
213.16 55.92
280.14 44.90
312.84 -27.45
204.67 53.87
244.21 -11.31
299.54 24.05
269.54 1.83
298.49 24.49
310.92 9.27
277.78 24.67
284.06 -0.03
252.51 29.23
310.73 38.31
257.22 44.88
265.67 48.28
242.51 49.40
248.87 -5.01
281.40 61.78
236.58 6.11
251.94 43.99
271.84 102.77
244.33 62.74
299.63 16.90
243.92 42.73
262.71 -11.37
259.67 11.23
257.23 -0.07
250.17 52.56
244.46 0.28
259.99 74.88
205.73 19.72
236.62 37.72
286.60 34.28
296.15 28.03
275.68 15.13
197.89 2.64
283.63 26.47
271.30 -0.49
270.05 17.17
263.28 10.17
289.43 47.56
255.54 42.11
228.28 51.44
277.81 -10.22
269.77 53.53
244.79 13.82
231.61 32.73
291.69 73.66
234.32 28.79
267.67 1.77
223.99 32.20
235.56 55.38
281.50 -7.99
244.78 21.36
280.34 37.57
276.38 -28.43
281.47 48.92
281.56 -0.83
278.26 13.95
246.63 -35.62
241.67 20.60
259.83 -0.75
331.98 -54.11
246.59 12.92
262.52 -28.83
264.57 29.73
287.18 8.73
254.49 8.04
314.14 -12.64
295.13 -4.80
204.90 11.85
234.30 78.99
226.48 11.47
175.13 67.29
274.99 -15.85
265.04 77.24
322.16 65.03
241.12 39.28
249.48 -6.15
276.90 52.81
267.70 -51.47
280.71 -11.20
237.44 -4.43
256.97 -33.56
276.42 -20.23
272.20 -4.16
264.50 66.87
225.27 33.59
284.84 36.28
250.07 59.94
238.92 -8.03
207.28 72.28
252.91 52.06
258.21 28.44
261.56 71.94
300.17 10.79
256.34 49.12
215.86 40.54
215.11 19.86
246.51 61.47
283.00 24.62
233.30 30.80
234.26 61.27
249.85 -39.25
284.38 -32.13
234.66 6.30
254.53 36.84
277.75 -27.86
239.89 42.98
242.82 5.32
251.36 25.85
250.96 64.13
269.12 -9.27
233.15 -14.63
263.91 67.84
264.74 13.58
272.03 12.72
273.73 58.88
319.58 9.27
263.46 -8.36
263.91 16.41
229.05 72.54
239.72 -10.89
246.09 -5.83
292.15 -23.53
250.02 49.50
234.96 20.54
213.09 13.37
261.08 24.62
264.34 -8.55
332.24 36.46
221.53 -18.61
269.92 48.99
282.78 83.92
235.29 -10.88
259.07 81.36
248.83 7.22
225.68 -3.85
287.40 53.12
220.56 15.88
209.39 45.63
330.33 -3.51
208.92 18.52
235.20 -42.05
267.15 -34.93
307.90 -4.82
217.06 63.51
274.66 12.65
303.19 -10.35
245.11 63.49
264.48 -1.44
270.47 67.74
280.62 3.11
281.22 11.01
263.24 30.77
192.78 -13.54
299.12 24.43
215.09 -19.37
232.97 41.28
274.61 -15.76
273.75 -1.00
333.11 82.75
266.26 38.25
243.96 48.02
220.80 14.84
285.35 3.86
244.98 10.59
262.45 24.49
220.53 1.82
257.36 6.90
256.61 17.71
239.87 29.55
285.83 5.94
299.98 6.82
227.98 15.54
196.58 12.27
220.08 68.36
233.21 78.08
315.92 25.13
264.75 14.90
244.26 -3.40
251.17 13.27
258.13 21.58
307.52 -15.91
253.76 40.09
287.51 -5.69
262.56 96.88
292.14 67.00
231.45 46.17
257.61 9.36
224.62 -3.91
308.23 1.18
293.62 25.43
271.41 57.34
276.85 15.45
243.45 -14.03
280.22 23.78
257.25 56.95
282.39 9.75
254.29 51.93
298.15 35.62
205.17 67.28
282.89 -18.54
282.56 -38.47
235.84 17.62
216.89 20.16
285.07 31.81
309.35 -5.21
240.32 24.89
220.00 46.40
324.05 22.51
259.84 15.23
263.86 97.56
234.73 60.54
290.34 25.56
271.49 34.74
233.50 10.16
276.91 0.49
240.95 -14.82
239.13 31.83
277.24 -42.82
227.29 29.44
318.65 -28.30
260.52 26.35
260.42 57.94
286.68 6.59
235.54 53.24
256.65 10.86
225.54 -23.17
260.19 -7.62
272.76 -24.92
260.27 25.14
260.22 4.83
271.64 25.25
286.91 -47.50
155.01 36.78
326.75 48.31
250.83 52.63
269.30 5.13
281.75 21.09
263.63 -1.61
302.88 25.41
239.04 26.92
269.08 23.64
261.91 48.71
232.92 5.69
285.95 -42.73
225.08 35.16
214.53 -54.10
289.33 41.11
254.68 6.22
279.64 29.54
232.74 38.84
274.23 -21.97
237.65 71.92
258.30 50.24
215.91 31.87
233.09 -44.87
229.40 24.93
241.51 19.92
263.25 10.14
270.50 14.59
252.90 9.90
229.88 60.58
271.65 34.10
274.98 20.04
244.65 -1.20
261.38 -8.67
223.18 -12.17
250.04 17.84
310.23 41.79
293.83 69.09
266.65 31.53
298.34 39.68
201.30 -16.51
289.24 4.59
279.04 20.42
271.53 44.43
241.89 -1.68
258.62 31.95
211.84 -50.39
355.04 15.45
221.27 27.92
217.48 26.30
222.79 48.48
263.17 0.86
362.43 13.54
274.21 46.12
284.23 29.50
221.95 -18.78
256.12 42.73
267.08 50.40
307.33 47.51
234.33 34.52
311.71 4.34
261.00 41.78
240.86 34.47
230.24 93.40
246.77 25.24
224.45 38.92
245.23 7.82
229.85 -26.90
262.93 69.54
234.45 57.74
270.79 -8.61
218.13 39.86
288.96 69.95
277.63 39.32
235.33 57.24
277.63 37.89
285.04 -53.12
222.50 18.26
271.87 9.46
269.27 29.79
328.19 17.85
262.05 27.17
256.48 43.57
217.08 46.65
236.57 21.85
257.50 21.96
270.98 35.32
274.13 -22.02
272.81 -1.64
258.59 -13.01
181.78 46.27
259.89 -34.32
324.06 49.89
255.84 14.05
312.85 46.94
197.05 26.39
269.82 5.63
205.69 34.23
230.59 -8.25
313.73 34.51
238.54 20.05
252.19 -11.05
251.72 18.60
286.40 37.51
287.42 -12.97
214.53 16.73
284.45 37.53
261.37 76.77
224.15 1.54
302.01 27.67
253.65 17.52
266.79 17.21
244.05 -4.99
325.07 32.82
260.38 49.56
255.84 22.20
277.80 11.44
274.79 52.13
239.71 12.11
234.83 42.96
269.39 -40.91
244.44 16.22
280.21 -28.99
200.35 -31.43
250.99 27.71
246.07 2.92
240.75 29.51
292.50 66.06
220.98 50.48
265.11 70.84
264.09 0.68
254.78 -3.35
271.82 41.33
298.61 37.65
219.85 38.27
254.97 -0.96
265.04 81.07
234.06 30.39
268.78 -6.50
261.10 80.83
314.20 29.36
243.09 -25.24
246.39 28.03
229.08 0.47
254.72 15.95
220.82 34.52
276.86 2.16
311.13 7.46
289.27 2.14
297.81 29.02
239.33 -3.69
246.22 13.18
275.80 61.75
231.64 -20.69
321.90 75.53
237.64 43.81
251.65 55.41
235.44 68.25
265.55 36.10
240.89 41.68
211.50 6.98
268.94 8.12
234.63 18.00
261.31 4.28
266.40 10.55
291.15 5.50
227.93 10.08
292.77 -3.42
283.26 50.45
297.57 53.92
270.18 12.56
235.11 42.72
263.89 5.35
278.45 15.32
277.57 -35.09
214.70 7.55
247.37 63.78
286.12 31.04
267.22 32.45
277.59 -9.91
264.84 8.41
278.86 5.76
283.11 47.42
191.98 -4.44
197.18 -35.47
250.03 91.34
246.63 -4.34
255.24 -11.01
250.24 1.28
249.14 93.52
233.01 50.22
233.73 -40.09
241.16 11.68
245.48 46.93
269.95 52.07
254.31 52.64
283.30 42.44
279.47 36.66
237.03 -31.15
247.50 -1.41
318.84 28.67
277.33 53.58
240.43 62.72
253.00 10.53
292.80 5.16
248.65 19.10
296.76 -6.03
277.25 67.91
257.98 10.11
258.84 -5.10
257.75 49.17
255.29 40.94
234.88 -13.25
261.58 19.07
234.87 -25.75
265.30 -24.64
284.07 37.83
245.56 -9.78
308.16 17.04
269.63 -5.18
251.95 10.48
279.87 50.06
212.42 46.91
272.64 23.84
307.97 22.07
282.26 40.51
283.84 27.84
254.89 25.37
304.12 10.24
259.71 24.74
295.35 23.59
286.17 15.53
284.28 31.93
253.40 -43.31
274.27 33.41
291.98 48.05
252.88 -24.13
230.00 3.36
253.90 45.64
258.44 58.56
311.79 -3.63
347.30 -18.86
230.75 57.15
255.84 56.97
294.99 20.87
230.79 9.94
311.12 6.56
243.10 63.29
286.91 31.20
245.21 -29.63
270.16 75.93
278.45 6.92
291.49 8.98
263.68 29.68
298.03 1.04
296.46 40.76
259.23 51.91
258.16 35.42
272.43 41.90
272.28 13.64
257.03 -18.88
268.23 70.36
273.73 -4.08
257.01 -35.50
278.64 23.59
312.83 42.90
258.84 -27.68
308.14 58.57
251.17 36.77
282.86 -13.74
260.08 14.41
291.52 9.10
272.88 7.24
271.31 -1.73
272.10 -10.05
235.89 80.09
252.62 62.60
257.57 7.03
280.00 -18.58
265.75 71.29
234.08 71.46
268.61 9.27
266.40 -3.34
295.95 14.36
218.67 3.78
310.13 -66.34
238.84 -9.36
285.28 -9.74
265.65 67.06
257.16 24.98
237.21 53.68
237.46 40.82
279.64 59.54
273.46 17.57
256.24 25.45
262.43 27.47
273.04 56.93
224.63 78.87
274.63 -34.23
288.19 -13.64
276.62 25.23
228.92 3.56
268.97 -1.75
262.86 56.32
285.64 41.38
295.34 77.39
296.79 -6.07
232.36 83.37
225.51 58.77
262.12 -10.18
330.96 38.18
280.26 -16.74
243.05 39.29
293.88 28.89
249.97 63.97
277.37 84.91
274.61 30.06
237.80 7.81
266.34 63.40
300.83 9.60
255.98 16.20
207.73 31.49
247.21 76.16
292.48 21.97
267.97 -5.83
229.25 -13.26
278.48 31.04
209.36 49.44
274.74 19.15
311.01 85.79
288.25 48.57
294.39 55.05
211.06 23.91
281.12 24.36
337.36 29.31
183.50 32.12
277.83 51.96
328.46 10.54
271.43 -20.63
322.58 14.05
210.39 57.44
219.19 15.29
281.57 8.99
234.26 -22.08
306.09 8.54
309.52 -1.07
234.38 5.86
251.30 31.47
266.26 62.43
270.79 32.20
273.39 1.29
242.97 53.83
284.50 24.15
288.56 -6.14
334.73 51.05
255.48 -0.27
214.42 -3.11
293.69 -10.39
295.78 21.18
285.92 15.69
291.06 41.05
290.14 28.38
289.81 63.68
255.13 42.51
242.69 26.27
270.58 6.82
227.05 -2.36
255.94 -0.34
254.64 -2.06
247.77 34.44
253.63 70.85
321.82 36.16
231.57 -39.05
279.60 -25.77
270.17 24.71
265.58 21.50
292.03 37.68
235.16 54.87
272.48 5.97
313.95 62.75
218.62 5.96
246.87 -3.05
289.75 5.14
257.88 -4.46
309.75 108.04
255.65 99.12
204.85 25.13
241.89 -14.87
257.47 36.95
246.64 42.36
217.74 3.06
277.62 -5.80
245.11 35.98
229.10 -16.05
243.60 4.01
264.03 32.16
238.02 31.77
272.69 12.76
250.70 50.62
307.57 6.61
234.78 35.59
230.13 60.78
242.66 -38.51
252.20 16.53
203.59 40.47
269.50 45.16
260.85 -9.25
279.73 -20.45
247.13 28.88
312.84 39.16
264.36 12.15
259.91 -3.89
235.18 -28.15
280.32 1.85
266.95 29.34
286.72 -4.60
243.04 54.52
256.71 92.60
271.38 15.81
306.68 57.92
254.01 49.88
238.81 17.95
272.26 29.38
260.08 50.68
293.05 12.76
287.37 9.37
271.64 12.45
240.52 70.51
230.06 -48.38
272.59 -20.38
229.34 2.62
248.85 11.81
209.39 19.79
300.87 12.89
338.58 24.88
238.99 20.78
219.17 47.08
-51.16 398.94
-57.07 401.74
-38.99 393.79
-61.90 444.65
-94.58 401.88
-93.99 371.38
-90.00 465.04
-32.90 424.86
-79.98 459.32
-20.58 416.66
-98.01 413.54
-25.52 463.70
-72.46 465.86
-93.05 443.20
-113.61 446.82
-90.81 415.81
-4.45 443.63
-120.94 434.45
-97.69 385.03
-43.06 460.06
-58.06 458.92
-69.51 387.84
-126.84 434.23
-52.21 458.35
-103.03 444.73
-97.06 423.32
-28.47 427.44
-79.92 356.94
-91.07 463.26
-87.53 345.06
-75.54 360.02
-32.83 478.24
-80.86 415.50
-150.12 403.83
-65.98 475.33
-43.41 452.03
-75.78 454.70
12.17 422.48
-69.35 467.84
-126.33 445.55
-30.75 469.55
-94.54 421.58
-37.14 458.29
-76.21 383.58
-50.89 413.65
-0.46 431.54
-45.68 418.41
-50.89 435.04
-29.35 436.56
40.20 429.01
9.67 462.14
-140.69 404.27
-105.09 378.71
-67.97 404.32
-72.31 485.95
-46.87 373.10
-26.84 404.10
-70.61 477.01
-68.27 350.79
-24.49 391.50
-15.26 437.72
-81.74 431.50
-23.00 402.04
-17.72 444.11
-32.02 382.93
1.67 340.26
-62.59 398.17
-105.57 390.57
-51.93 462.17
-37.96 506.66
-6.46 409.58
-49.64 381.08
3.23 411.60
20.89 405.85
-42.96 437.30
1.03 411.65
-78.73 453.16
-18.38 482.00
-79.05 442.30
-89.34 427.21
-93.88 450.66
-65.32 439.99
-54.19 440.53
-28.18 446.57
-44.17 455.98
-43.09 504.50
-57.24 430.28
-92.55 423.96
-34.18 403.42
-57.39 366.40
-81.57 416.80
-67.00 416.63
-42.52 440.67
-110.17 384.26
-38.60 426.21
-57.87 403.64
-57.74 438.21
-104.49 446.66
-68.27 397.63
-47.03 437.88
-69.53 469.82
-102.84 419.57
-75.88 401.93
-42.03 437.85
-5.51 448.14
-82.12 451.33
-27.39 403.80
-36.20 415.67
-95.56 446.45
-60.61 432.83
-43.50 479.42
-61.78 443.05
-111.46 408.16
-22.22 397.88
-129.84 421.96
-44.09 463.67
-83.45 423.25
-70.75 413.03
-57.24 433.91
-32.39 455.83
-100.95 412.93
-78.52 465.07
-51.90 384.50
-76.31 401.12
-95.59 441.01
-44.08 415.84
-1.20 454.33
-152.19 382.22
-51.84 437.21
-79.73 441.51
-130.80 450.81
-59.79 440.96
-117.80 391.89
-16.73 419.59
-66.07 449.27
-78.36 441.15
-72.53 380.04
-72.89 401.81
-81.82 422.67
-46.86 453.59
-45.19 427.33
-43.95 457.32
-76.93 420.75
-80.42 418.76
18.41 478.41
-49.55 429.53
-125.95 417.23
-63.94 405.90
-74.51 444.95
-77.52 434.55
-74.46 443.10
-77.27 447.57
-31.60 413.16
-79.29 455.73
-62.07 415.55
-33.09 433.82
-48.02 408.23
-77.53 378.33
-39.86 443.33
-54.65 418.79
-100.73 417.95
-151.39 470.77
-120.81 397.93
-78.64 383.46
-82.62 422.86
-110.32 400.81
-60.23 461.80
-124.03 409.01
-108.54 479.01
-47.66 437.69
-45.15 414.83
-141.31 441.36
-64.84 444.40
2.66 401.07
-38.88 400.00
-61.42 365.63
-37.67 396.02
-74.42 387.61
-84.00 439.11
-115.27 392.72
-66.04 437.21
-98.60 388.36
-59.41 409.80
-13.84 380.90
-103.34 365.08
-44.41 453.48
-64.53 457.53
-130.95 441.67
-12.17 379.68
-63.40 494.08
-96.56 423.99
-45.32 363.40
-46.83 420.20
-95.20 395.75
-54.50 436.31
-71.11 405.98
-108.07 395.52
-74.88 426.69
-40.49 423.13
-4.69 400.01
-58.25 451.55
-108.19 380.24
-62.80 383.35
-63.06 456.64
-48.74 440.69
-49.28 423.77
-84.06 440.82
4.70 389.48
-40.03 423.98
-12.44 478.48
-44.42 397.34
-40.49 409.54
-27.50 355.75
-61.99 406.47
-50.91 433.98
-14.52 384.26
-48.24 420.73
-82.32 452.42
-72.32 419.73
-113.86 418.43
-43.36 413.99
-109.81 450.25
-88.72 374.76
-63.08 365.11
-64.50 451.91
-105.78 394.47
-49.10 399.93
-131.31 404.72
-66.55 429.07
-77.21 472.97
-28.89 457.90
-63.28 466.51
-43.64 447.33
-93.28 483.87
-44.96 450.05
-90.79 398.12
-54.56 446.91
-71.46 449.61
-70.03 414.43
-67.23 440.88
-31.89 409.32
-67.37 419.95
-65.93 442.20
-54.62 454.09
-81.15 459.84
-102.17 454.34
-65.31 434.35
-85.87 446.38
-143.82 472.29
-35.42 421.68
-62.92 467.49
-41.39 400.05
-84.83 454.63
-28.53 447.96
-22.84 423.11
-62.33 395.70
-129.49 476.41
-36.55 425.28
-25.70 468.21
-14.35 407.54
-70.37 441.67
-67.12 434.30
-5.98 463.14
-59.26 397.47
-19.55 471.79
-62.18 449.92
-46.98 488.58
-75.55 408.31
-65.24 387.94
-68.05 403.64
-86.85 443.93
-49.61 430.52
-86.81 443.67
-85.01 457.90
-52.74 431.27
-8.55 416.06
-72.20 462.13
-83.04 466.35
-45.76 416.12
-102.55 403.43
-63.39 420.57
-46.13 432.81
-79.88 457.66
-93.16 464.60
-63.33 429.75
-82.76 401.85
-94.65 448.58
-56.92 408.31
-20.22 430.14
-37.76 427.22
2.46 425.34
-9.19 397.63
-67.23 459.88
-70.82 407.24
-71.10 372.69
-42.69 418.94
-93.72 409.87
-44.99 391.33
-62.12 407.63
-32.89 472.27
-86.00 426.21
-87.97 444.00
-104.40 429.14
-97.68 406.53
-45.36 401.24
-84.12 441.27
-40.33 444.07
-71.54 459.84
-8.69 451.64
-43.57 463.59
-6.31 416.28
-97.95 426.15
-68.06 456.27
-91.10 452.47
-67.44 430.57
-129.49 397.66
-72.57 430.69
-46.47 440.78
-23.38 406.35
-44.66 472.40
-90.18 400.54
-52.35 426.59
-67.96 450.37
-62.33 412.25
-26.00 429.84
-69.39 418.14
-140.96 457.89
-66.74 404.40
-83.25 452.67
-71.92 436.79
-105.25 434.31
-54.70 425.65
-64.97 477.16
-15.74 484.19
-56.94 459.86
1.17 411.30
-67.99 448.89
-80.75 399.48
-64.24 418.68
-51.88 402.01
-97.75 445.61
-72.04 410.83
-54.88 435.98
-71.26 437.46
-65.05 418.22
-41.59 405.39
-69.92 454.38
-23.02 465.65
-13.70 416.41
-96.58 436.55
-40.91 444.12
-21.76 421.44
-82.36 438.80
-35.81 400.94
-84.37 376.23
-68.93 442.92
-22.75 422.55
-54.28 400.80
-69.72 443.23
-60.92 411.40
-35.76 418.62
-71.84 443.48
-37.14 411.30
-81.80 420.05
-42.30 425.55
-16.29 421.41
-56.15 455.69
-33.69 401.11
-22.43 404.28
-52.40 417.13
-49.01 439.49
-18.68 405.88
-86.36 438.18
-46.39 435.18
-95.72 422.36
-100.00 490.64
-78.15 463.02
-73.77 326.47
-70.99 397.06
-55.27 476.14
-56.21 430.92
-117.64 392.67
-71.88 429.26
-40.63 482.01
-71.45 400.11
-82.89 466.29
-49.69 405.33
-74.78 422.83
-84.76 418.31
-40.79 444.79
-69.60 477.69
-84.09 393.71
-103.87 462.73
-43.64 472.37
-42.25 427.86
-40.50 490.00
-104.47 465.20
-87.09 452.02
-51.74 458.88
-35.85 395.44
-67.19 438.34
-15.95 435.15
-47.12 431.36
-31.38 420.08
-76.74 442.39
-22.67 473.45
-138.37 416.34
-87.54 410.24
-55.59 423.89
-97.64 416.58
-95.07 442.47
-51.20 390.08
-95.85 423.10
-21.28 415.23
-68.59 412.46
-62.97 384.21
-89.94 438.12
-36.02 424.57
-21.13 431.16
-101.68 462.58
-79.59 419.21
-19.42 368.66
-59.96 451.53
-51.46 445.61
-46.78 478.98
-33.40 452.96
-94.86 455.62
-84.81 463.17
-23.08 390.79
-57.02 435.13
-42.23 472.06
-72.71 424.33
-115.52 428.37
-66.83 416.69
-64.01 434.97
-39.58 423.41
-57.13 454.75
-88.63 406.46
-66.71 467.77
-51.98 428.93
-69.48 462.38
-72.01 441.85
-30.89 405.23
-58.69 374.09
-48.24 428.78
-97.29 433.41
-27.63 450.55
-79.48 422.95
-84.18 434.76
-96.02 460.09
-100.61 433.13
-87.93 434.95
-70.92 460.53
-57.79 425.89
-54.13 451.99
-79.43 408.32
-58.50 489.62
-77.35 379.93
-18.06 407.47
-100.79 471.38
-62.16 361.61
-53.29 438.94
-97.88 495.57
8.89 396.22
-102.23 427.34
-30.95 404.33
-28.89 384.80
-34.79 384.30
-12.20 364.56
-66.87 428.44
-63.34 421.62
-80.10 396.58
-112.58 429.03
-113.48 451.13
-33.86 438.49
-42.93 446.68
-79.05 413.88
-71.91 460.59
-0.58 394.09
-82.32 451.43
-82.13 439.88
-91.74 414.62
-3.56 393.75
-72.95 436.20
-41.49 431.14
-76.07 378.39
-46.55 430.77
-63.87 410.09
-99.46 390.80
-34.14 422.87
-52.43 421.92
-30.96 460.97
-71.12 409.17
-79.93 425.59
-75.88 428.17
-84.64 449.23
-82.00 416.30
-86.00 397.21
-73.78 423.48
-21.47 398.17
-62.19 444.22
-93.31 447.56
-68.27 379.67
-17.15 383.12
-25.48 459.60
-45.85 387.86
-69.38 388.78
-75.47 457.78
-32.67 462.49
-64.81 421.08
-103.42 458.46
-76.14 389.06
-66.00 424.98
-22.51 418.36
-101.72 424.14
-56.17 378.24
-66.83 425.06
-134.13 430.39
-114.42 463.78
-87.60 440.73
-95.76 389.28
-17.95 438.61
-43.94 442.99
-52.58 407.75
-87.37 470.88
-100.36 403.19
-45.57 406.97
-24.52 427.80
-71.26 452.15
-27.64 417.51
-52.37 438.36
-76.30 429.47
-63.27 393.95
-43.91 437.13
-66.28 390.22
-25.52 425.52
-2.23 441.17
-31.98 414.54
-116.80 431.51
-104.33 429.01
-74.66 403.60
-44.23 392.37
-73.63 426.32
-57.41 429.85
-28.13 419.42
-103.57 444.06
-103.68 474.81
-58.72 395.50
-41.28 385.62
-29.43 468.00
-79.35 430.78
-53.57 472.76
-85.42 449.90
20.19 432.73
-109.27 460.28
-80.23 385.26
-45.66 395.18
-74.33 354.94
-114.64 432.44
-55.73 384.53
-114.86 442.62
-71.77 379.09
-37.33 426.39
-90.49 448.29
-97.75 418.79
-62.69 473.73
-40.19 378.04
-113.59 435.51
-67.65 430.71
-143.13 434.46
-104.43 395.35
-101.95 406.95
-39.16 409.59
-76.42 369.33
-95.41 423.18
-35.43 384.20
-130.73 413.72
-35.56 453.56
-75.58 451.70
-65.36 402.02
-67.44 458.75
-37.88 411.36
-33.95 428.69
-84.15 442.24
-88.55 422.65
-63.77 410.16
-50.24 438.58
-61.98 431.29
-33.95 435.78
-63.41 385.15
-61.64 469.53
-41.14 403.29
-89.10 421.48
-121.66 456.73
-33.25 461.40
-11.87 434.04
-120.33 441.04
-88.27 434.30
-54.45 436.43
-49.67 360.06
-90.14 409.97
-11.30 446.51
-81.23 370.69
-61.21 393.99
-110.93 455.50
-87.40 406.47
-45.96 477.54
-105.29 434.87
-50.32 483.68
-62.20 418.04
-155.31 463.86
-28.57 453.04
-87.24 412.87
-93.64 463.24
-67.43 410.38
-47.51 436.90
-24.41 377.86
-99.80 391.93
-105.65 437.61
38.24 465.10
-56.31 418.98
-93.02 433.04
-68.43 452.67
-71.76 398.78
-136.00 425.51
-51.58 415.50
-33.19 416.64
-64.55 460.57
-26.31 409.57
-48.98 405.23
-83.09 434.08
-82.22 498.14
28.37 426.86
-44.38 414.36
-33.43 447.73
-97.12 445.62
-100.95 441.77
-75.62 425.40
-6.07 371.75
-113.37 461.06
-59.26 397.08
-70.33 466.23
-21.20 378.07
-63.99 453.98
-51.36 469.59
-47.35 431.99
-99.65 413.19
-53.63 376.26
-62.47 426.88
-44.63 384.88
-101.25 458.52
-63.70 466.30
-28.09 413.02
-65.84 473.08
-39.99 411.93
-60.34 430.21
-56.48 450.78
-89.85 401.80
-57.50 421.10
-54.96 442.06
-75.15 443.95
-50.31 413.59
-87.54 460.08
-98.32 436.67
-110.95 369.58
-66.64 436.41
-95.12 373.34
-96.03 455.45
-57.30 365.56
-129.59 431.26
-101.08 456.85
-61.75 387.84
-51.01 463.39
-65.40 474.70
-56.09 422.13
-60.60 509.82
-73.60 436.57
-83.89 419.84
-93.61 425.26
-63.29 403.38
-131.75 409.31
-45.86 373.37
-41.01 450.65
-111.66 415.03
-32.68 408.75
-68.34 418.67
-48.86 453.08
-56.42 456.98
-69.44 441.13
-50.81 410.18
-47.01 430.84
-56.50 424.36
-51.79 433.18
-67.33 436.63
-36.61 408.84
-103.98 451.22
-75.09 423.16
-5.04 425.81
-63.84 364.79
-96.83 396.77
-106.69 442.58
-53.81 442.00
-87.76 419.72
-76.68 433.11
-47.38 345.70
-90.51 485.11
-57.47 408.78
-108.17 385.07
-45.28 442.95
-78.70 431.20
-76.38 397.52
-95.18 390.58
-61.08 460.30
-47.37 415.92
-97.76 421.05
-79.09 398.05
-116.40 431.00
-128.72 479.07
-106.99 395.26
-99.21 388.22
-100.21 440.90
-75.78 462.77
-147.35 417.92
-66.11 434.42
-74.59 428.96
-20.42 424.50
-54.75 417.44
-33.52 428.61
-61.56 387.84
-83.88 460.71
-46.78 388.34
-104.88 415.39
-22.65 430.32
-26.68 404.27
-94.28 448.80
-24.32 441.45
-72.61 434.54
-35.54 412.99
-69.42 410.05
-35.88 426.43
-82.02 406.15
-38.45 436.79
-119.92 414.42
-22.20 466.51
-89.63 445.84
-29.79 376.11
-69.00 432.96
-69.18 405.41
-85.54 462.02
-108.82 445.84
-2.76 440.27
-56.81 422.61
-54.71 418.41
-47.04 365.74
-81.55 469.36
-92.66 397.41
-33.15 409.17
-94.22 441.90
-71.27 418.74
-70.58 413.13
-102.18 384.38
-63.06 393.72
-58.98 470.55
-30.54 401.67
-53.36 404.44
-58.18 400.38
-63.29 461.77
-26.63 498.51
-82.71 340.51
-33.52 398.41
-32.08 392.13
-61.12 353.77
-58.41 433.40
-68.13 425.61
-31.20 427.94
-52.94 439.75
-68.05 412.33
-82.39 466.23
-59.99 463.39
-16.55 408.20
-2.17 404.41
-104.13 394.37
-116.14 416.44
-45.15 429.62
-71.01 437.00
-68.31 444.17
-51.20 472.54
-81.76 477.82
-21.35 399.26
-75.32 471.47
-41.70 423.00
-71.37 464.08
-107.16 355.27
-65.51 446.63
-47.10 393.57
-12.26 403.59
-47.06 386.43
-13.25 419.83
-28.23 458.32
-62.33 432.64
-118.18 453.64
-62.40 409.55
-95.68 459.18
-68.54 407.70
-54.38 402.42
-39.70 464.13
-85.27 418.30
-67.07 410.53
-104.84 382.56
-80.74 485.60
-42.13 465.81
-85.48 440.99
-60.71 439.39
-38.47 443.40
-15.62 444.14
-41.12 416.53
-3.10 398.98
-66.24 479.76
-78.92 385.09
-91.37 436.14
-80.14 420.06
-89.78 373.99
-97.32 441.16
-84.58 389.36
-105.35 463.16
-1.61 436.44
-77.73 443.11
-81.39 387.07
-69.88 412.69
-27.89 461.97
-37.15 377.94
-63.26 401.62
-63.75 414.40
-44.89 428.18
-75.72 389.16
-48.54 447.26
-128.95 424.84
-80.59 394.34
-43.86 429.73
-62.33 464.96
-80.06 557.61
-53.69 458.24
-62.97 440.32
-60.01 451.60
-16.57 454.12
-80.31 406.02
-51.13 453.76
-77.23 414.98
-137.00 419.67
-44.65 393.83
-92.37 428.79
-84.80 392.13
-67.37 449.71
-54.94 447.70
-33.50 383.23
-53.81 444.90
-73.38 388.25
-77.67 372.42
-45.76 441.95
-66.95 344.61
-28.57 453.33
-71.69 455.17
-80.33 408.97
-30.53 410.57
1.12 403.36
-25.56 471.29
-108.21 398.63
-36.26 379.29
-58.58 386.95
-50.74 391.46
-36.97 410.75
-96.83 415.65
-124.60 424.95
-63.91 416.93
-63.17 431.78
-7.15 396.03
-37.66 480.76
-20.93 442.50
-44.00 452.09
-59.67 440.42
-57.08 387.38
-70.49 461.85
-26.84 406.88
-26.54 392.72
-87.77 432.40
-19.33 405.14
-82.10 451.12
-16.90 439.55
-97.36 433.23
-116.61 439.89
-72.78 414.04
-68.71 419.71
-92.68 402.35
-48.36 472.32
-98.61 412.26
-84.59 398.38
-54.89 400.74
-46.91 461.25
-91.21 432.00
-47.14 442.26
-28.20 438.03
-40.96 474.97
-99.60 434.57
-48.97 336.93
-22.32 432.46
-122.00 411.33
-78.14 478.63
-92.94 439.14
-65.10 384.31
-60.31 438.59
-52.42 420.08
-54.91 483.94
-79.25 450.70
-89.78 432.54
-90.58 399.37
-91.88 450.78
-160.19 429.56
-20.71 408.75
-95.65 424.94
-56.30 476.24
-17.95 443.66
11.49 387.75
-75.64 458.62
-62.96 432.17
-43.11 447.61
-88.49 420.62
-99.38 400.29
-85.61 444.68
-26.09 465.01
-70.56 436.80
-72.73 445.78
-46.90 427.92
-37.96 419.17
-76.59 436.17
-100.70 421.19
-51.20 434.37
-62.85 411.08
-85.88 445.05
-114.39 432.73
-54.43 428.46
-60.35 433.89
-43.95 479.67
-86.39 454.94
-65.54 388.32
-68.22 407.83
-34.45 421.93
-56.45 406.82
-69.60 436.86
-77.71 441.44
-109.98 426.93
-14.50 468.25
-116.41 420.03
-97.11 394.18
-64.43 471.38
-6.97 427.31
-77.72 410.43
-56.58 445.87
-41.18 435.80
-48.29 452.43
-45.25 470.05
-30.30 413.73
-94.93 426.57
-51.70 433.66
-38.96 484.94
-19.52 459.51
-81.35 381.78
-10.18 459.31
-86.54 430.74
-13.97 450.61
-99.38 475.22
-36.94 395.86
-128.52 401.72
-25.14 430.79
-89.14 414.83
-86.01 402.14
-72.78 442.36
-120.65 440.47
-41.52 441.07
-55.55 504.49
-35.71 415.47
-85.82 395.50
-46.34 426.83
-3.49 439.45
-6.76 434.70
-76.25 408.97
-30.59 401.24
-74.63 466.68
-75.78 442.51
-61.99 420.72
-71.67 419.57
-55.04 382.38
-63.63 398.34
3.39 424.34
-82.27 420.21
-139.55 439.05
-25.66 377.45
-81.11 430.66
-83.69 397.43
-103.71 438.49
-73.74 432.68
