263.54 -256.42 1
221.15 -276.16 1
271.99 -220.91 1
261.67 -254.17 1
247.34 -219.55 1
237.52 -222.24 1
266.73 -271.25 1
234.28 -230.95 1
275.31 -266.98 1
262.5 -253.48 1
225.94 -245.06 1
308.27 -216.9 1
271.75 -246.63 1
256.13 -239.04 1
202.85 -242.48 1
286.2 -212.41 1
294.31 -219.93 1
257.79 -286.77 1
257.45 -233 1
261.36 -228.53 1
229.28 -284.19 1
226.53 -248.23 1
250.61 -229.51 1
220.72 -277.57 1
265.46 -266.93 1
294.27 -303.16 -2
264.55 -262.67 1
199.38 -209.82 -2
279.55 -244.31 1
270.64 -229.64 1
306.08 -296.42 -2
249.6 -205.35 1
181.1 -226.01 -2
251.11 -258.89 1
277.44 -219.34 1
273.21 -231.61 1
319.83 -244.92 1
266.79 -257.79 1
275.97 -264.24 1
284.52 -274.26 1
262.45 -225.52 1
275.42 -268.73 1
293.43 -258.74 1
277.05 -244.98 1
217.19 -279.71 1
212.59 -238.18 1
284.23 -271.04 1
207.58 -228.75 1
285.61 -205.12 1
305.19 -225.48 1
225.05 -256.13 1
228.4 -245.51 1
233.23 -275.01 1
292.62 -238.9 1
271.57 -288.2 1
277.5 -220.22 1
268.02 -255.79 1
299.59 -280.06 1
258.61 -256.1 1
353.85 -235.53 -2
249.82 -236.39 1
211.7 -246.91 1
311.32 -236.82 1
249.85 -221.25 1
243 -267.48 1
205.16 -255.13 1
284.18 -271.15 1
251.88 -250.59 1
245.32 -187.85 1
298.29 -183.29 -2
214.24 -201.62 1
282.67 -228.72 1
286.95 -221.85 1
262.04 -237.61 1
273.91 -261.74 1
219.56 -246.11 1
249.24 -264.25 1
282.28 -246.74 1
276.46 -248.24 1
304.82 -227.54 1
250.59 -219.67 1
288.8 -224.49 1
216.6 -251.11 1
198.38 -251.54 1
199.51 -248.31 1
302.9 -273.95 1
264.74 -261.73 1
268.99 -285.65 1
223.18 -273.06 1
207.14 -253.62 1
242.5 -215.83 1
188.69 -249.33 1
318.65 -270.09 -2
312.3 -230.65 1
246.97 -238.87 1
274.56 -258.52 1
246.37 -265.53 1
226.02 -206.16 1
238.67 -246.92 1
274.28 -222.51 1
225.25 -250.76 1
285.98 -191.18 -2
228.58 -184.91 1
220.6 -273.3 1
267.58 -236.41 1
251.81 -254.16 1
290.86 -263.78 1
240.19 -261.9 1
257.62 -232.29 1
270.06 -239.51 1
278.34 -208.91 1
308.22 -230.59 1
248.78 -264.68 1
206.54 -284.6 1
161.58 -251.22 -2
316.32 -286.43 -2
245.86 -261.01 1
287.77 -282.3 1
275.18 -241.28 1
245.23 -242.11 1
224.58 -201.73 1
290.8 -237.49 1
273.21 -225.2 1
296.69 -296.52 -2
239.42 -234.6 1
297.7 -230.6 1
203.45 -239.05 1
254.94 -162.85 -2
196.36 -276.5 -2
248.62 -200.11 1
249.59 -292.45 1
239.1 -265.04 1
280.92 -222.33 1
300.56 -243.86 1
231.85 -269.77 1
245.17 -252.77 1
263.16 -308.42 -2
287.92 -222.22 1
225.86 -255.05 1
260.69 -248.52 1
235.38 -297.73 1
199.09 -242.34 1
263.48 -238.53 1
334.43 -261.04 -2
294.86 -190.16 -2
239.7 -232.11 1
277.14 -290.72 1
266.7 -253.19 1
240.35 -229.5 1
182.96 -223.47 -2
287.32 -259.77 1
252.29 -191.03 1
222.67 -171.06 -2
247.02 -226.02 1
266.32 -210.47 1
198.81 -252.92 1
299.01 -173.25 -2
277.15 -230.01 1
230.39 -220.43 1
264.86 -205.46 1
302.59 -236.96 1
286.66 -243.23 1
315.44 -233.85 1
267.08 -228.4 1
233.69 -238.68 1
251.9 -256.63 1
300.33 -224.39 1
247.6 -241.38 1
306.86 -212.21 1
265.54 -269.53 1
259.12 -235.09 1
226.32 -203.14 1
255.56 -241.34 1
280.31 -230.31 1
233.46 -233.3 1
267.8 -223.56 1
317.48 -265.8 -2
271.18 -180.22 -2
270.35 -242.8 1
289.82 -239.6 1
236.82 -191.85 1
260.16 -303.65 -2
241.89 -210.79 1
268.84 -195.12 1
272.35 -267.45 1
233.25 -245.79 1
244.24 -205.57 1
227.92 -232.42 1
273 -260.32 1
236.8 -245.03 1
236.09 -269.57 1
285.66 -176.2 -2
303.82 -194.3 -2
302.75 -293.65 -2
249.55 -230.85 1
268.84 -243.14 1
262.09 -243.82 1
277.93 -242.25 1
264.53 -249.83 1
264.05 -219.21 1
260.97 -260.18 1
277.02 -243.48 1
311.19 -264.98 1
264.36 -216.78 1
224.53 -247.74 1
305.09 -225.45 1
254.45 -249.51 1
314.07 -264.4 -2
215.85 -228.75 1
219.78 -252.22 1
251.8 -160.02 -2
288 -237.01 1
241.8 -264.73 1
283.18 -256.5 1
353.41 -255.14 -2
244.99 -237.57 1
263.94 -219.54 1
249.44 -200.03 1
262.92 -254.48 1
257.51 -266.12 1
249.17 -254.89 1
301.33 -233.93 1
278.84 -247.1 1
282.53 -239.1 1
253.4 -294.28 1
293 -249.47 1
254.89 -199.94 1
233.99 -221.82 1
273.74 -290.45 1
274.08 -268.03 1
246.72 -219.58 1
271.18 -198.91 1
222.87 -186.22 -2
276.73 -218.84 1
316.53 -266.33 -2
262.26 -233.4 1
246.77 -186.62 1
304.56 -228.55 1
281.54 -210.96 1
290.72 -233.62 1
236.45 -282.97 1
211.09 -232.03 1
281.47 -318.17 -2
231.36 -245.37 1
238.02 -305.27 1
223.33 -216.4 1
216.9 -235.17 1
265.3 -261.93 1
298.49 -273.27 1
241.95 -277.18 1
233.02 -236.19 1
227.56 -250.84 1
281.95 -266.97 1
247.08 -238.67 1
222.28 -197.31 1
265.48 -213.63 1
208.77 -250.58 1
260.45 -239.54 1
238.06 -245.31 1
256.07 -196.47 1
334.32 -228.96 -2
270.38 -285.73 1
207.04 -294.92 -2
285.44 -283.65 1
234.47 -287.77 1
338.94 -214.71 -2
310.27 -244.03 1
269.49 -269.18 1
252.95 -175.01 -2
263.29 -208.8 1
243.4 -254.27 1
234.96 -286.84 1
242.54 -224.92 1
222.85 -248.43 1
245.25 -243.17 1
227.93 -202.84 1
223.91 -246.35 1
251.46 -237.08 1
250.2 -263.82 1
212.69 -245.51 1
258.48 -239.95 1
268.66 -210.68 1
215.01 -188.65 -2
275.79 -267.97 1
230.59 -249.38 1
225.88 -270.5 1
244.63 -309.74 -2
270.24 -230 1
275.66 -176.45 -2
216.32 -241.74 1
273.04 -260.96 1
236.74 -211.06 1
293.32 -235.34 1
242.83 -274.36 1
283.56 -224.41 1
260.85 -193.72 1
276.3 -233.44 1
247.59 -230.72 1
265.69 -259.52 1
213.69 -228.5 1
249.55 -294.4 1
252.15 -288.86 1
259.53 -231.69 1
241.5 -169.04 -2
246.48 -283.57 1
266.42 -255.19 1
210.48 -269.09 1
242.2 -233.26 1
243.23 -267.25 1
323.97 -235.02 -2
250.62 -272.74 1
246.6 -237.89 1
271.37 -273.27 1
319.55 -255.15 -2
295.09 -244.26 1
301.31 -253.94 1
277.21 -224.52 1
248.04 -233.76 1
273.41 -250.6 1
221.54 -276.77 1
276.99 -245.2 1
280.3 -252.64 1
238.93 -273.11 1
230.34 -209.32 1
259.93 -265.69 1
250.65 -222.64 1
266.31 -237.1 1
245.15 -271.57 1
273.43 -244.19 1
306.35 -214.58 1
234.36 -237.18 1
305.75 -212.88 1
250.29 -227.5 1
258.94 -229.1 1
253.2 -244.31 1
273.99 -198.03 1
261.57 -235.09 1
200.16 -317.57 -2
249.02 -263.78 1
299.29 -246.94 1
341.61 -212.19 -2
205.09 -244.46 1
218.59 -256.64 1
283.8 -250.87 1
270.95 -267.82 1
228.99 -241.51 1
264.73 -247 1
240.81 -236.2 1
251.51 -242.89 1
191.77 -180.08 -2
244.69 -241.96 1
276.43 -187.85 -2
279.47 -215.6 1
288.69 -217.26 1
236.92 -289.34 1
331.55 -224.34 -2
296.46 -219.9 1
271.66 -207.18 1
252.67 -227.07 1
303.65 -254.29 1
256.01 -258.1 1
263.7 -245.46 1
265 -257.71 1
251.94 -224.94 1
239.25 -246.47 1
267.99 -214.41 1
291.93 -237.68 1
236.99 -176.27 1
241.99 -281.76 1
266.62 -211.99 1
268.6 -224.81 1
216.76 -281.99 1
227.24 -266.61 1
232.1 -255.18 1
276.96 -235.17 1
271.27 -248.18 1
244.67 -230.82 1
256.33 -204.45 1
229.64 -212.5 1
222.01 -209.02 1
296.19 -260.57 1
286.62 -233.31 1
302.7 -172.23 -2
292.1 -274.41 1
241.03 -288.22 1
246.6 -214.61 1
233.85 -245.23 1
246.16 -216.88 1
334.59 -262.84 -2
292.85 -244.82 1
244.31 -202.33 1
265.24 -206.82 1
250.75 -259.73 1
286.25 -262.58 1
309.26 -290.19 -2
256.28 -263.18 1
317.99 -248.08 1
251.43 -238.48 1
238.91 -222.03 1
257.51 -288.06 1
278.71 -220.3 1
202.74 -217.5 1
313.59 -253.82 1
273.26 -287.76 1
257.9 -198.84 1
252.09 -221.47 1
273.77 -233.74 1
234.47 -213.45 1
240.06 -246.89 1
261.31 -248.39 1
292.53 -251.86 1
302.46 -229.89 1
251.66 -291.21 1
250.42 -199.65 1
231.27 -204.22 1
303.84 -264.87 1
281.72 -270 1
251.65 -295.02 1
284.81 -227.77 1
284.17 -215.55 1
275.19 -223.89 1
287.64 -189.02 -2
236.47 -259.56 1
248.06 -183.33 1
243.82 -257.99 1
258.02 -230.2 1
236.64 -216.8 1
239.1 -233.69 1
268.45 -253.27 1
320.97 -304.09 -2
207.17 -239.19 1
276.81 -226.57 1
295.77 -239.07 1
266.16 -206 1
265.95 -236.65 1
258.14 -312.75 -2
258.4 -255.48 1
230.92 -214.09 1
259.86 -235.3 1
227.46 -243.59 1
223.38 -221.07 1
304.09 -245.99 1
205.01 -218.19 1
244.19 -224.89 1
294.85 -227.12 1
235.44 -184.69 1
215.17 -173.78 -2
247.53 -206.92 1
205.22 -248.56 1
307.84 -256.44 1
255.39 -264 1
234.98 -239.96 1
340.08 -226.37 -2
288.14 -257.23 1
274.43 -213.01 1
239.33 -251.73 1
255.36 -231.98 1
284.34 -231.85 1
294.93 -237.66 1
270.95 -299.28 1
268.26 -204.75 1
249.74 -223.46 1
293.07 -266.46 1
259.1 -247.65 1
302.17 -259.6 1
300.84 -245.12 1
283.28 -207.2 1
230.9 -231.37 1
231.68 -208.08 1
304.23 -239.79 1
262.76 -321.11 -2
275.35 -173.84 -2
272.13 -311.94 -2
265.01 -245.57 1
274.77 -245.63 1
245.26 -230.95 1
232.49 -248.95 1
290.95 -267.15 1
291.53 -201.83 1
253.03 -214.3 1
290.7 -307.07 -2
236.84 -207.61 1
225.58 -238.05 1
321.21 -199 -2
293.4 -163.51 -2
241.92 -243.75 1
181.06 -265.72 -2
274.46 -221.62 1
297.9 -243.33 1
235.6 -226.83 1
254.22 -240.2 1
224.23 -271.09 1
283.08 -225.46 1
291.8 -246.4 1
321.82 -211.53 -2
221.06 -234.72 1
232.17 -222.91 1
267.2 -193.78 1
293.17 -295.62 1
248.4 -262.56 1
229.16 -200 1
214.06 -271.99 1
253.16 -209.32 1
237.62 -213.79 1
259.36 -273.18 1
339.49 -235.68 -2
248.95 -188.2 1
216.58 -207.19 1
248.63 -255.18 1
258.96 -213.7 1
257.37 -275.48 1
250.76 -237.08 1
245.23 -217.23 1
270.78 -287.48 1
235.29 -251.11 1
238.11 -249.48 1
293.47 -256.75 1
322.85 -250.56 -2
258.64 -261.35 1
321.19 -271.92 -2
304.14 -297.33 -2
248.91 -270.03 1
258.81 -261.72 1
290.12 -200.88 1
296.94 -244.3 1
298.48 -235.87 1
289.69 -240.23 1
251.96 -252.39 1
281.89 -275.6 1
281.6 -276.39 1
271.45 -278.9 1
261.98 -255.21 1
288.91 -267.79 1
239.71 -246.26 1
237.14 -182.87 1
237.11 -230.42 1
251.59 -276.41 1
198.3 -237.83 1
282.64 -219.32 1
246.93 -200.53 1
258.7 -231 1
302.96 -249.71 1
321.94 -207.35 -2
288.69 -285.35 1
278.42 -301.67 -2
314.45 -272.12 -2
301.37 -252.31 1
254.71 -301.81 1
269.87 -232.99 1
258.11 -267.68 1
237.73 -262.77 1
290.66 -235.43 1
217 -179.12 -2
233.99 -167.3 -2
273.64 -220.41 1
215.53 -229.32 1
236.73 -311.06 -2
225.59 -255.08 1
234.34 -241.18 1
234.16 -211.92 1
250.54 -240.18 1
192.79 -356.62 -2
253.66 -294.6 1
218.78 -286.66 1
296.2 -212.79 1
290.3 -277.08 1
242.82 -255.98 1
247.01 -257.4 1
242.42 -281.87 1
272.86 -290.43 1
249.22 -341.95 -2
273.11 -240.15 1
260.08 -225.05 1
275.99 -241.87 1
254.17 -228.25 1
259.01 -252.2 1
296.23 -253.23 1
208.41 -229.82 1
249.56 -209.04 1
260.29 -315.81 -2
245.19 -213.79 1
233.86 -209.4 1
231.26 -266.33 1
231.58 -271.22 1
259.06 -203.81 1
228.67 -238.93 1
277.56 -196.66 1
241.82 -169.79 -2
275.23 -216.97 1
276.1 -255.39 1
244.1 -253.56 1
218.22 -278.75 1
236.49 -236.63 1
323.25 -274.46 -2
275.13 -250.84 1
237.29 -242.13 1
256.63 -275.38 1
298.76 -216.54 1
229.16 -236.22 1
235.64 -212.01 1
284.27 -279.19 1
201.78 -286.43 -2
295.03 -259.32 1
274.87 -264.22 1
299.26 -262.76 1
255.38 -166.14 -2
195.49 -241.5 1
303.2 -245.06 1
284.62 -245.14 1
263.13 -239.54 1
270.17 -243.67 1
237.98 -304.56 1
301.62 -244.06 1
228.13 -301.51 -2
213.15 -230.96 1
280.64 -278.04 1
278.02 -275.13 1
237.57 -248.14 1
265.18 -224.15 1
286.66 -282.54 1
238.78 -263.47 1
264.63 -226.96 1
329.75 -239.77 -2
276.41 -271.15 1
273.45 -253.9 1
202.64 -295.02 -2
291.2 -266.49 1
353.46 -237.9 -2
272.42 -230.9 1
283.73 -230 1
300.24 -234.87 1
313.42 -206.35 -2
293.02 -295.38 1
209.52 -202.21 -2
224.65 -254.2 1
308.5 -207.64 1
260.19 -246.19 1
247.7 -256.83 1
274.05 -278.45 1
273.37 -271.42 1
261.47 -187.88 1
294.03 -243.67 1
232.83 -239.14 1
277.44 -265.9 1
221.33 -263.49 1
275.97 -212.74 1
263.77 -226.42 1
245.76 -237.83 1
265.61 -219.97 1
270.51 -220.47 1
229.55 -252.6 1
278.01 -235.76 1
248.22 -218.25 1
273.63 -235.48 1
241.03 -174.35 1
305.19 -298.25 -2
251.89 -258.16 1
243.04 -213.23 1
319.89 -275.64 -2
153.11 -252.67 -2
299.81 -268.57 1
269.61 -224.21 1
266.88 -287.32 1
275.32 -284.1 1
244.24 -243.18 1
237.6 -187.7 1
203.56 -268.65 -2
255.8 -230.7 1
245.02 -229.78 1
266.23 -268.27 1
202.53 -223 1
256.51 -282.4 1
246.16 -289.24 1
233.87 -248.93 1
230.58 -257.68 1
301.43 -261.21 1
244.63 -230.24 1
256.83 -234.02 1
263.39 -250.62 1
275.34 -245.05 1
243.93 -197.26 1
275.54 -235.2 1
201.19 -263.13 1
320.15 -204.53 -2
227.38 -248.33 1
231.43 -202.52 1
263.52 -258.13 1
319.18 -231.33 1
240.08 -234.2 1
340.63 -228.97 -2
241.93 -264.61 1
224.52 -232.98 1
261.84 -249.57 1
225.65 -202.76 1
255.91 -241.42 1
264.32 -212.12 1
220.95 -234.3 1
222.21 -253.27 1
253.23 -286.47 1
299.92 -244.28 1
212.21 -223.4 1
214.84 -226.51 1
240.17 -220.22 1
281.69 -276.84 1
294.96 -241.19 1
288.97 -211.15 1
247.51 -268.95 1
265.5 -253.66 1
300.57 -280.58 1
290.47 -220.66 1
274.25 -305.86 -2
298.01 -208.23 1
218.09 -245.69 1
258.05 -284.53 1
258.17 -193.55 1
277.33 -212.3 1
269.72 -285.45 1
247.83 -272.28 1
244.54 -298.46 1
264.86 -235.56 1
259.89 -222.98 1
237.26 -231 1
215.84 -228.67 1
309.01 -226.9 1
214.86 -250.22 1
293.03 -256.83 1
239.78 -280.67 1
244.14 -250.42 1
242.6 -269.44 1
252.81 -250.25 1
299.44 -236.46 1
289.45 -225.92 1
324.97 -245.08 -2
280.66 -224.92 1
260 -239.73 1
291.69 -263.78 1
241.93 -246.8 1
209.86 -195.57 -2
274.71 -236.9 1
204.68 -277.87 1
277.2 -276.64 1
260.46 -246.57 1
254.31 -196.45 1
292.86 -255.17 1
216.37 -283.89 1
254.07 -239.34 1
252.23 -257.63 1
228.91 -270.5 1
280.12 -249.07 1
288.66 -264.82 1
244.08 -247.54 1
239.73 -226.1 1
295.5 -242.54 1
288.98 -269.13 1
288.45 -250.83 1
288.86 -219.13 1
220 -237.94 1
262.17 -288.78 1
295.59 -218.81 1
231.88 -243.75 1
241.77 -224.48 1
267.34 -234.72 1
300.79 -234.7 1
253.53 -266.42 1
273.81 -270.87 1
272.31 -269.22 1
274.94 -242.98 1
266.81 -236.86 1
249.18 -268.18 1
265.91 -167.28 -2
231.72 -224.18 1
251.56 -259.2 1
213.2 -323.44 -2
280.4 -254.15 1
283.84 -232.57 1
299.64 -263.74 1
274.92 -309.22 -2
289.28 -220.46 1
245.47 -217.75 1
258.69 -234.22 1
205.32 -176.39 -2
226.04 -229.89 1
278.4 -262.16 1
293.91 -253.46 1
291.3 -272.48 1
320.91 -220.18 -2
288.26 -247.44 1
248.89 -260.98 1
248.78 -224.1 1
281.63 -265.9 1
257.96 -236.56 1
237.79 -272.36 1
214.24 -237.29 1
301.58 -253 1
258.11 -289.88 1
226.63 -202.55 1
326.23 -263.09 -2
283.47 -299.47 1
242.41 -276.24 1
218.76 -290.35 1
242.82 -241.81 1
241.38 -249.1 1
263.99 -257.36 1
230.64 -239.24 1
254.27 -248.22 1
238.98 -305.53 1
284.45 -231.66 1
275.19 -231.64 1
212.58 -334.91 -2
328.68 -268.48 -2
289.58 -270.64 1
242.79 -262.14 1
211.51 -214.83 1
254.23 -222.75 1
296.03 -215.7 1
263.35 -217.15 1
293.37 -239.43 1
285.99 -297.08 1
234.93 -197.82 1
283.27 -250.86 1
291.03 -208.88 1
238.41 -186.63 1
265.53 -279.39 1
282.72 -225.95 1
272.18 -302.73 1
233.29 -230.93 1
270.7 -264.74 1
233.33 -288.89 1
251.13 -256.17 1
151.33 -207.98 -2
209.18 -258.08 1
301.48 -266.7 1
268.28 -292.05 1
277.88 -287.2 1
261.66 -202.55 1
294.64 -261.5 1
244.27 -258.79 1
315.18 -273.75 -2
274.77 -258.62 1
294.34 -203.19 1
293.35 -237.77 1
241.51 -266.44 1
279.8 -208.66 1
174.74 -228.53 -2
233.77 -237.23 1
267.88 -258.1 1
275 -287.54 1
220.77 -267.96 1
244.29 -249.26 1
210.58 -248.74 1
238.15 -233.6 1
256.18 -266.23 1
164.47 -197.96 -2
194.8 -211.34 -2
268.7 -221.48 1
265.67 -239.34 1
218.65 -326.58 -2
256.49 -248.05 1
278.57 -210.22 1
222.61 -252.37 1
217.1 -245.47 1
250.74 -231.72 1
232.18 -261.02 1
244.82 -216.17 1
277.6 -252.89 1
229.86 -234.23 1
278.4 -274.42 1
246.94 -261.64 1
257.08 -204.47 1
199.1 -207.23 -2
255.67 -279.98 1
264.23 -228.26 1
266.89 -235.07 1
250.82 -253.9 1
234.42 -264.91 1
217.41 -263.38 1
227.72 -249.34 1
272.5 -256.46 1
254.06 -238.33 1
265.3 -243.84 1
334.87 -246.52 -2
286.32 -292.31 1
221.42 -251.99 1
316.1 -223.18 1
236.57 -237.08 1
234.09 -261.42 1
247.1 -284.11 1
246.32 -223.63 1
204.31 -234.12 1
247.14 -242.1 1
234.27 -269.64 1
281.5 -274.89 1
276.84 -209.9 1
285.79 -252.69 1
243.41 -217.97 1
245.64 -182.8 1
273.79 -202.26 1
304.26 -255.52 1
257.19 -226.91 1
230.8 -217.36 1
257.46 -253.53 1
246.49 -198.2 1
295.65 -223.81 1
257.33 -287.78 1
260.73 -229.44 1
216.26 -228.53 1
267.66 -205.31 1
302.35 -309.64 -2
208.64 -222.82 1
253.28 -193.15 1
303.89 -250.48 1
248.4 -221.13 1
240.73 -249.53 1
228.95 -282.48 1
236.79 -239.5 1
222.54 -200.18 1
299.02 -222.36 1
251.58 -270.23 1
276.66 -245.13 1
247.75 -230.17 1
231.62 -199.28 1
226.81 -300.86 -2
313.45 -234.75 1
260.97 -206.74 1
265.31 -256.92 1
275.97 -224.62 1
242.56 -236.39 1
247.44 -231.08 1
220.64 -243.1 1
250.87 -250.92 1
268.53 -279.6 1
268.47 -286.94 1
281.16 -239.51 1
266.86 -258.79 1
293.52 -274.06 1
237.89 -178.29 1
242.36 -231.45 1
278.29 -212.17 1
293.2 -289.74 1
250.47 -224.57 1
236.87 -239.13 1
219.65 -221.1 1
266.74 -229.97 1
199.57 -256.25 1
304.76 -230.66 1
246.15 -235.43 1
258.81 -233.22 1
267.74 -238.02 1
305.67 -209.09 1
246.02 -249.09 1
230.57 -224.22 1
252.34 -183.76 1
237.01 -223.17 1
212.49 -278.34 1
186.05 -244.82 -2
302.76 -211.64 1
291.77 -216.97 1
227.34 -242.67 1
282.7 -252.43 1
251.26 -311.56 -2
283.89 -270.48 1
299.43 -274.73 1
218.22 -222.17 1
265.53 -228 1
231.91 -250.14 1
196.4 -187.42 -2
245.64 -262.85 1
261.47 -249.4 1
242.02 -254.51 1
240.23 -227.44 1
272.78 -222.08 1
200 -249.89 1
303.44 -249.85 1
277.44 -248.39 1
282.08 -269.56 1
188.37 -266.68 -2
288.4 -189.12 -2
239.83 -196.38 1
254.92 -258.64 1
258.89 -204.58 1
248.98 -206.1 1
206.41 -203.82 -2
257.87 -248 1
296.51 -240.93 1
212.53 -232.93 1
215.6 -216.39 1
273.16 -230.69 1
269.08 -230.19 1
277.22 -242.19 1
250.18 -248.31 1
283.3 -282.8 1
229.02 -202.4 1
280.89 -236.64 1
314.6 -173.89 -2
279.63 -207.49 1
316.5 -234.94 1
306.56 -238.36 1
268.62 -294.35 1
282.93 -257.96 1
249.18 -233.36 1
333.59 264.05 -2
353.67 217.07 2
466.81 302.7 -2
361.37 240.56 2
373.49 263.85 2
342.49 261.37 2
403.25 129.99 -2
364.16 276.83 2
352.78 237.9 2
416.94 248.79 2
382.25 240.81 2
404.04 227.46 2
393.82 278.82 2
416.57 205.95 2
414.69 270.83 2
402.65 214.91 2
363.25 186.65 2
437.93 218.23 2
337.54 231.44 2
377.07 226.68 2
418.2 243.62 2
388.21 257.27 2
364.12 226.81 2
381.86 170.45 2
396.24 248.29 2
377.32 255.49 2
351.09 311.2 -2
434.06 256.58 2
391.92 268.69 2
371.95 239.48 2
396.61 265.82 2
440.75 212.73 2
457.33 211.04 -2
387.27 227.07 2
389.67 279.35 2
368.23 191.76 2
393.78 239.65 2
360.99 292.74 -2
372.14 161.23 -2
392.08 213.32 2
347.2 243.76 2
394.36 250.11 2
370.3 258.08 2
412.59 202.66 2
437.02 216.39 2
430.02 269.52 2
356.12 225.64 2
387.03 259.35 2
345.89 237.39 2
403.9 222.96 2
399.09 195.64 2
379.31 225.69 2
378.36 205.19 2
341.5 298.59 -2
420.08 201.45 2
398.9 251 2
389.08 170.59 2
363.05 231.52 2
394.92 224.47 2
384.65 227.64 2
385.88 222.85 2
333.22 226.44 2
428.51 253.31 2
350.1 232.85 2
351.01 229 2
353.39 193.92 2
424.8 252.01 2
391.4 254.98 2
392.89 214.72 2
398.54 225.46 2
340.46 239.07 2
340.15 216.36 2
380.59 257.05 2
435.2 222.13 2
426.97 245.84 2
356.33 171.04 -2
426.54 216.37 2
330.53 194.12 -2
423.17 286.41 2
389.29 215.21 2
366.84 261.34 2
409.78 229.73 2
426.23 187.58 2
347.52 214.61 2
376.02 231.05 2
412.7 187.24 2
390.44 247.79 2
367.97 261.25 2
402.16 212.31 2
371.4 196.51 2
426.68 235.2 2
368.26 224.28 2
402.35 177.81 2
425.44 243.68 2
427.4 275.25 2
355.18 195.48 2
372.5 126.07 -2
337.76 164.43 -2
405.45 230.04 2
362.23 253.25 2
400.96 246.48 2
390.16 174.99 2
376.84 245.61 2
354.57 241.63 2
388.12 234.37 2
393.45 254.75 2
390.27 219.6 2
431.05 227.24 2
317.28 214.98 -2
368.1 203.49 2
402.03 246.75 2
353.04 287.48 -2
402.19 176.84 2
414.92 232.55 2
389.15 262.71 2
408.1 243.13 2
366.04 219.31 2
383.59 230.84 2
379.49 182.84 2
442.19 204.56 2
398.71 178.85 2
390.19 246.88 2
322 262.95 -2
400.93 185.43 2
418.69 243.21 2
365.5 263.39 2
308.98 269.64 -2
356.34 271.06 2
380.98 200.27 2
431.7 224.1 2
363.55 243.43 2
363.75 266.72 2
342.56 229.17 2
423.92 245.16 2
416.48 257.16 2
421.1 264.56 2
431.36 168.07 -2
429.28 277.94 2
424.11 238.76 2
394.39 238.17 2
375.67 206.19 2
382.56 250.26 2
343.6 275.19 -2
383.82 240.35 2
403.11 230.98 2
374.84 260.84 2
413.05 206.47 2
441.16 240.38 2
395.44 238.27 2
394.3 260.91 2
408.01 242.07 2
371.88 164.45 -2
390.82 255.09 2
461.15 234.37 -2
372.04 223.4 2
388.81 216.59 2
413.5 299.81 -2
320.61 227.12 -2
411.34 240.17 2
409.25 232.24 2
371.42 217.36 2
425.03 261.16 2
384.9 205.87 2
406.58 253.57 2
341.91 203.38 2
365.62 238.16 2
386.32 252.81 2
408.88 256.16 2
380.32 284.19 2
423.32 228 2
425.45 223.54 2
379.56 222.73 2
418.17 181.67 2
405.78 234.86 2
434.41 327.77 -2
376.12 237.21 2
398.78 231.84 2
398.55 242.66 2
403.11 214.1 2
414.26 249.49 2
434.93 247.93 2
379.63 295.97 2
398.55 216.84 2
368.24 266.24 2
376.09 176.32 2
377.35 231.13 2
420.97 263.24 2
387.7 209.88 2
437.54 258.1 2
421.1 212.29 2
385.09 179.98 2
404.76 199.79 2
410.4 201.57 2
431.85 218.39 2
429.45 278.84 2
326.83 195.28 -2
418.43 222 2
364.85 243.35 2
364.14 208.55 2
356.75 170.9 -2
363.41 280.38 2
416.9 218 2
382.58 212.69 2
355.46 210.1 2
323.51 288.59 -2
401.74 233.68 2
343.67 242.14 2
419.61 227.61 2
401.56 220.24 2
421.01 229.78 2
398.68 230.24 2
381.73 273.58 2
389.75 208.07 2
428.67 194.64 2
389.8 238.92 2
421.47 212.26 2
372.1 255.55 2
385.66 244.97 2
433.12 274.45 2
391.39 221.54 2
328.14 202.76 -2
400.36 220.87 2
369.62 259.07 2
380.32 204.47 2
414.3 249.17 2
356.55 246.18 2
444.44 228.86 2
385.19 196.63 2
350.39 198.27 2
342.53 183.45 2
388.6 208.89 2
406.09 200.54 2
399.62 194.51 2
361.19 221.16 2
415.09 228.43 2
394.9 180 2
370.74 227.46 2
358.56 276.91 2
356.07 206.21 2
336.5 283.93 -2
424 242.83 2
327.24 216.59 -2
350.99 217.11 2
375.45 283.39 2
415.85 205.88 2
376.92 247.61 2
423.52 219.73 2
405.78 278.64 2
350.09 263.47 2
435.95 272.52 2
367.07 189.37 2
394.02 176.59 2
394.42 251.79 2
400.89 206.57 2
385.49 239.05 2
423.22 241.42 2
351.5 311 -2
422.38 300.32 -2
416.27 246.22 2
395.82 232.94 2
414.43 235.47 2
315.4 185.55 -2
413.39 220.77 2
362.24 234.72 2
394.48 308.01 -2
379.99 213.32 2
447.33 206.1 2
354.72 226.54 2
412.12 217.28 2
423.96 199.44 2
411.3 215.43 2
400.87 274.72 2
378.4 209.42 2
414.33 286.94 2
416.97 228.35 2
374.12 226.73 2
357.21 268.62 2
369.96 182.97 2
377.04 269.11 2
372.41 238.93 2
386.43 232.79 2
372.24 239 2
395.04 247.28 2
377.88 193.92 2
380.41 185.76 2
361.58 269.75 2
376.16 218.46 2
393.37 280.9 2
403.07 220.38 2
370.29 216.07 2
386.39 230.01 2
369.26 230.25 2
371.04 204.11 2
337.77 245.61 2
400.74 185.68 2
360.14 224.51 2
365.49 245.6 2
409.38 229.41 2
380.79 281.97 2
370.04 229.77 2
360.73 194.39 2
425.52 297.49 -2
418.96 258.78 2
352.47 267.93 2
426.74 252.99 2
390.53 207.29 2
365.92 286.55 2
334.31 205.41 2
387.61 216.73 2
437.97 235.55 2
360.31 222.89 2
356.63 277.6 2
407.38 202.43 2
427.11 243.37 2
405.34 193.83 2
378.14 178.41 2
339.34 211.3 2
411.41 194.13 2
384.65 218.05 2
401.74 233.62 2
358.92 223.32 2
444.24 217.18 2
425.68 274.57 2
380.74 227.35 2
430.14 282.42 2
404.02 236.1 2
356.59 238.13 2
398.31 218.91 2
338.68 229.12 2
397.45 244.4 2
390.95 258.02 2
398.68 237.46 2
360.83 255.05 2
388.38 283.13 2
392.23 315.19 -2
350.22 203.34 2
374.72 238.95 2
401.79 211.06 2
371.28 249.2 2
353.59 211.05 2
350.85 187.45 2
383.59 249.61 2
326.12 280.53 -2
431.69 282.21 2
420.85 213.7 2
417.02 239.77 2
406.19 232.57 2
353.35 245.29 2
384.12 260.66 2
429.11 217.8 2
376.71 222.5 2
412.62 231.53 2
454.89 251.81 -2
408.77 258.34 2
387.47 207.68 2
418.97 212.68 2
378.43 274.25 2
397.88 251.42 2
443.22 224.9 2
412.73 175.44 -2
391.34 237.96 2
368.58 241.61 2
386.9 238.93 2
425.1 233.39 2
390.25 215.59 2
337.77 210.49 2
375.58 270.03 2
346.59 219.8 2
393.75 211.97 2
422.94 248.29 2
415.12 265.38 2
483.7 263.1 -2
413.16 229.78 2
363.94 279.9 2
340.89 194.84 2
370.72 216.16 2
434.01 219.92 2
366.1 181.56 2
317.35 209.35 -2
405.51 248.7 2
436.1 214.16 2
384.41 282.93 2
427.07 259.38 2
338.83 236.07 2
393.68 286.31 2
319.9 227.37 -2
443.77 224.16 2
382.31 194.83 2
396.35 254.84 2
409.13 231.7 2
310.37 236.87 -2
343.28 215.83 2
372.92 278.9 2
382.04 209.77 2
404.07 239.33 2
366.21 192.56 2
342.85 228.04 2
421.97 254.8 2
388.86 255.1 2
401.97 242.42 2
393.25 214.26 2
396.27 268.61 2
403.71 256.21 2
398.21 263.33 2
353.7 197.07 2
369.79 212.27 2
438.73 248.09 2
381.75 226.02 2
397.53 220.63 2
388.02 243.52 2
405.97 220.26 2
432.41 194.16 2
427.56 192.74 2
382.32 262.25 2
398.48 285.27 2
431.57 243.56 2
399.3 297.55 -2
413.13 272.44 2
406.17 239.25 2
400.75 213.89 2
388.14 266.7 2
383.74 202.29 2
377.53 243.52 2
340.07 199.16 2
391.49 223.35 2
376.43 177.39 2
411.07 228.02 2
376.49 257.05 2
386.67 245.49 2
380.37 250.09 2
383.38 255.01 2
352.46 207.99 2
368 250.02 2
381.77 269.49 2
416.48 239.64 2
394.64 254.78 2
387.36 243.92 2
392.37 211.37 2
431.99 198.1 2
373.49 184.09 2
360.61 195.48 2
374.44 258.58 2
379.48 314.72 -2
396.67 215.15 2
432.41 254.87 2
365.47 206.51 2
415.03 216.8 2
429.92 213.67 2
409.09 239.6 2
419.9 251.38 2
359.36 193.47 2
380.23 228.42 2
403.06 251.01 2
418.23 261.49 2
331.23 181.22 -2
422.63 200.85 2
384.87 240.13 2
390.38 216.2 2
388.02 237.08 2
400.83 207.71 2
361.27 267.43 2
438.45 244.54 2
356.12 233.61 2
397.45 226.33 2
403.04 247.12 2
386.34 239.41 2
425.94 208.55 2
390.39 242.59 2
381.18 233.41 2
384.07 266.03 2
377.06 218.38 2
387.74 228.71 2
353.52 213.35 2
392.75 175.76 2
357.43 193.37 2
343.46 185.86 2
371.53 248.62 2
383.82 186.92 2
419.93 232.33 2
449.31 231.46 2
418.43 218.38 2
390.7 252.29 2
434.33 228.47 2
335.24 226.76 2
357.86 230.01 2
365.57 246.02 2
427.93 257.76 2
383.17 227.26 2
368.62 261.4 2
380.22 270.16 2
381.05 215.45 2
344.55 229.49 2
375.15 216.72 2
381.39 236.45 2
390.11 301.87 -2
442.65 246.32 2
403.63 206.34 2
384.75 270.09 2
347.49 233.28 2
457.38 209.9 -2
449.82 193.76 -2
341.62 245.53 2
387.2 260.83 2
380.4 270.28 2
367.74 244.21 2
447.23 188.33 -2
349.7 220.17 2
347.75 225.63 2
409.8 237.33 2
410.35 262.52 2
372.63 234.13 2
378.73 191.38 2
394.58 205.06 2
407.1 195.27 2
349.89 242.7 2
367.56 160.72 -2
357.22 198.44 2
430.03 214.01 2
388.03 218.61 2
379.54 257.62 2
404.11 230.16 2
377.42 211.95 2
363.6 252.04 2
331.32 248.06 -2
418.66 224.37 2
408.2 295.46 -2
401.12 216.31 2
378.16 272.3 2
385.22 231.77 2
377.86 279.67 2
411.29 215.74 2
382.75 184.54 2
389.91 215.67 2
378.25 191.27 2
350.4 230.75 2
390.32 220.88 2
417.05 203.39 2
370.25 235.25 2
404.69 293.31 -2
415.54 198.84 2
400.61 292.93 2
354.03 251.83 2
374.58 252.37 2
368.45 314.06 -2
416.37 169.58 -2
390.89 184.33 2
415.73 261.34 2
467.43 227.49 -2
433.24 231.39 2
380.62 212.09 2
439.03 241.72 2
416.8 210.59 2
370.76 264.6 2
340.69 247.87 2
378.95 247.06 2
328.72 277.04 -2
413.18 187.48 2
417.25 204.24 2
439.25 233.57 2
413.3 220.54 2
374.25 191.45 2
391.03 207.07 2
359.72 263.76 2
413.81 207.86 2
379.22 208.65 2
359.91 240.44 2
434.44 242.49 2
407.52 277.81 2
361.71 263.77 2
404.48 223.71 2
364.45 161.2 -2
424.48 262.58 2
396.4 205.26 2
353.88 252.56 2
376.53 252.68 2
358.49 217.41 2
359.27 217.57 2
414.6 251.51 2
425.9 251.01 2
358.56 198.23 2
400.24 261.43 2
358.03 232.48 2
373.96 187.3 2
338.35 270.42 2
384.56 239.43 2
394.17 310.48 -2
354.36 295.01 -2
407.67 213.11 2
397.46 160.77 -2
395.85 228.53 2
406.86 243.04 2
355.56 182.48 2
373.24 261.82 2
390.42 233.41 2
344.34 237.13 2
392.08 254.12 2
387.06 253.34 2
391.92 207.15 2
423.59 243.08 2
376.34 285.63 2
414.1 248.09 2
353.43 242.8 2
413.03 317.25 -2
369.76 270.56 2
391.76 238.9 2
379.17 244.3 2
347.36 209.25 2
393.44 183.2 2
389.06 280.9 2
380.07 240.96 2
426.38 217.5 2
405.68 198.1 2
389.39 261.75 2
374.23 231.37 2
403.04 189.78 2
431.63 306.12 -2
437.54 232.64 2
382.43 223.41 2
372.71 229.46 2
383.82 270.69 2
433.77 235.06 2
378.77 259.3 2
403.02 258.87 2
389.3 212.16 2
390.93 203.85 2
419.75 268.63 2
417.25 208.76 2
384.77 262.11 2
382.02 220.13 2
425.92 271.79 2
349.33 227.21 2
371.76 241.1 2
410.23 215.59 2
414.82 215.73 2
391.03 190.57 2
408.12 186.58 2
394.73 283.12 2
381.3 239.77 2
374.84 240.65 2
415.98 176.84 -2
421.63 245.37 2
344.68 234.3 2
366.7 205.49 2
396.82 167.86 2
405.48 229.09 2
405.71 237.34 2
408.09 292.16 -2
351.54 264.89 2
365.08 214.56 2
427.39 242.52 2
417.41 191.94 2
388.54 246.4 2
384.98 244.2 2
386.39 240.53 2
398.49 209.85 2
421.48 215.01 2
423.91 204.92 2
338.9 254.98 2
379.72 248.75 2
379.32 247.06 2
401.13 238.58 2
381.78 279.94 2
375.96 285.16 2
352.89 220.08 2
419.02 256.51 2
438.74 256.9 2
438.31 247.73 2
344.66 227.69 2
378.54 272.5 2
423.39 271.14 2
412.52 244.11 2
400.22 204.75 2
416.87 250.27 2
382.93 240.75 2
376.49 254.89 2
389.5 296.47 -2
414.41 285.87 2
388.4 208.48 2
402.63 256.19 2
395.52 216.01 2
417.32 278.8 2
366.55 197.78 2
396.9 237.22 2
418.58 216.89 2
402.56 224.32 2
363.04 211.72 2
370.09 256.3 2
370.22 266.44 2
426.29 246.81 2
401.55 259.51 2
400.91 277.55 2
370.13 221.44 2
386.41 219.76 2
391.36 221.89 2
433.64 241.99 2
379.57 246.81 2
386.36 221.04 2
384.21 272.74 2
402.41 247.36 2
330.42 291.64 -2
320.14 226.9 -2
396.46 188.53 2
394.09 230.83 2
431.36 202.72 2
405.46 250.31 2
398.74 232.07 2
365.62 238.63 2
446.02 219.08 2
395.24 234.63 2
386.09 221.61 2
374.5 241.81 2
381.01 249.15 2
382.16 250.37 2
420.58 234.28 2
395.73 194.06 2
377.01 288.54 2
428.69 185.32 -2
443.27 195.59 -2
361.33 195.71 2
406.33 262.26 2
409.82 233.05 2
356.92 233.36 2
451.49 215.64 2
418.27 181.99 2
369.14 283.66 2
357.44 183.16 2
445.64 271.7 -2
377.3 244.77 2
379.73 207.39 2
329.98 238.73 2
367.15 236.4 2
412.3 253.57 2
404.32 184.69 2
410.48 287.58 2
417.1 202.5 2
384.35 228.8 2
401.6 270.61 2
397.68 244.19 2
375.63 246.99 2
352.11 219.58 2
386.6 228.01 2
363.13 185.3 2
370.47 227.04 2
423.3 205.14 2
385.64 237.55 2
350.64 246 2
422.6 267.23 2
387.1 201.21 2
408.82 221.78 2
397.83 156.11 -2
362.38 197.15 2
414.33 231.1 2
382.66 261.79 2
377.16 259.48 2
365.25 206.37 2
348.97 200.76 2
406.82 238.09 2
408.25 216.08 2
365.13 294.69 -2
421.24 231.31 2
384.67 195.62 2
412.96 253.22 2
384.33 228.95 2
380.78 244.83 2
419.1 236.59 2
379.24 188.55 2
417.76 164.76 -2
417.53 277.72 2
405.86 255.38 2
417.27 218.73 2
358.37 205.01 2
354.31 201.07 2
405.02 277.47 2
400.63 254.36 2
447.76 310.41 -2
403.32 263.16 2
399.9 213.21 2
327.71 284.19 -2
393.08 203.12 2
400.14 238.06 2
368.6 202.97 2
402.96 223.85 2
436.67 229.27 2
405.69 261.69 2
388.2 194.29 2
428.13 220.18 2
400.77 212.77 2
389 243.92 2
394.86 235.47 2
396.12 278.36 2
381.39 147.3 -2
420.95 247.31 2
428.64 241.18 2
408.64 207.5 2
413.64 252.75 2
393.59 194.38 2
407.14 266.62 2
286.69 220.16 -2
378.08 198.94 2
381.57 261.66 2
401.93 234.68 2
386.41 239.62 2
379.72 248.74 2
413.51 249.1 2
328.98 228.66 2
399.86 220.36 2
413.56 198.84 2
396.32 165.84 2
413.51 203.29 2
421.05 252.05 2
421.25 235.2 2
386.91 174.69 2
358.28 246.9 2
412.2 292.15 -2
339.28 262.41 2
367.53 248.84 2
398.11 205.15 2
359.19 188.56 2
458.08 224.91 -2
376.43 236.59 2
357.49 238.22 2
313.22 279.16 -2
437.2 233.61 2
394.33 208.25 2
370.57 211.69 2
428.43 249.79 2
403.15 215.49 2
405.09 206.24 2
405.9 237.44 2
428.93 206.65 2
342.36 262.4 2
375.71 249.57 2
382.7 252.83 2
386.72 242.24 2
362.9 263.33 2
384.1 252.62 2
374.35 219.62 2
397.19 134.29 -2
363.5 235.59 2
413.61 281.09 2
384.77 229.11 2
418.63 258.92 2
381.35 262.32 2
450.66 175.95 -2
425.28 217.66 2
400.33 236.73 2
375.44 199.79 2
373.12 222.15 2
409.76 247.76 2
415.64 247.25 2
380.63 194.14 2
452.39 214.86 2
353.13 199.94 2
396.14 209.65 2
426.98 184.74 -2
369.95 216.58 2
426.4 225.89 2
415.38 275.83 2
414.41 220.07 2
383.95 212.65 2
355.47 237.22 2
350.62 196.53 2
372.48 268.8 2
433.52 222.32 2
367.55 224.07 2
366.49 278.82 2
352.17 215.13 2
407.5 242.42 2
395.11 239.83 2
357.24 189.9 2
390.17 234.64 2
393.8 204.72 2
449.44 223.11 2
380.92 243.62 2
359.99 183.19 2
361.2 175.12 2
350.27 168.03 -2
382.77 240.09 2
407.63 298.95 -2
377.8 201.34 2
398.23 251.79 2
424.95 214.42 2
427.94 242.77 2
360.76 244.02 2
463.56 220.69 -2
436.32 219.57 2
358.86 217.21 2
396.45 200.61 2
390.98 218.77 2
397.98 199.02 2
391.52 255.96 2
354.35 237.01 2
362.24 200.53 2
387.31 248.81 2
392.08 163.61 2
387.89 268.03 2
347.88 257.15 2
381.01 296.83 2
363.47 243.74 2
379.07 252.81 2
407.9 194.15 2
345.3 259.57 2
423.64 263.41 2
388.11 219.22 2
357.39 256.97 2
438.99 185.4 -2
371.62 269.74 2
385.61 176.28 2
346.85 206.81 2
402.99 306.35 -2
390.71 268.69 2
401.12 200.9 2
412.82 189.29 2
369.16 230.06 2
412.91 282.01 2
431.6 189.89 -2
296.92 255.72 -2
378.19 220.75 2
396.64 243.86 2
428.8 213.57 2
375.82 245.25 2
391.66 269.31 2
373.51 293.34 2
341.77 200.3 2
417.87 196.43 2
392.99 254.52 2
423.02 241.43 2
366.49 258.83 2
391.56 212.1 2
384.66 188.56 2
403.26 212.54 2
374.96 263.58 2
369.67 266.91 2
395.02 255.92 2
445.02 281.32 -2
434.61 273.31 2
378.19 278.6 2
325.04 242.04 -2
367.11 235.67 2
364.01 189.09 2
390.11 223.45 2
384.11 256.77 2
381.76 208.14 2
426.61 253.15 2
418.31 230.3 2
391.97 243.33 2
371.56 225.09 2
422.96 238.45 2
420.75 233.54 2
364.09 232.05 2
370.11 227.95 2
353.82 234.47 2
350.71 263.05 2
418.95 228.21 2
399.54 224.36 2
353.31 208.86 2
373.88 218.19 2
372.75 236.83 2
343.67 255.32 2
362.59 194.61 2
375.6 255.18 2
391.36 228.22 2
396.72 235.41 2
429.67 227.31 2
357.62 266.82 2
396.03 243.86 2
431.42 175.32 -2
370.3 206.2 2
370.65 228.95 2
411.71 162.28 -2
433.9 213.51 2
394.78 236.62 2
419.99 235.79 2
324.2 278.56 -2
395.23 196.52 2
378.03 249.72 2
388.78 309.69 -2
404.7 263.64 2
378.33 226.93 2
372.84 233.44 2
348.34 238.13 2
405.86 271.03 2
393.86 216.01 2
375.3 255.66 2
408.32 196.46 2
322.8 222.82 -2
396.9 273.86 2
413.57 224.87 2
398.41 204.99 2
406.96 241.07 2
306.61 231.47 -2
385.54 211.67 2
373.21 277.18 2
436.2 237.06 2
388.02 217.21 2
360.98 228.36 2
387.29 225.32 2
419.23 243.06 2
364.19 207.69 2
395.7 163.68 2
260.78 1.45 3
277.48 39.83 3
191.48 34.45 -2
210.32 76.61 -2
255.67 12.49 3
281.89 7.28 3
247.93 30.21 3
241.35 11.81 3
289.58 49.61 3
258.52 18.31 3
289.76 36.25 3
209.22 22.29 3
217.56 14.85 3
235.58 52.83 3
252.13 61.48 3
284.47 84.38 -2
291.83 38.19 3
211.84 20.79 3
253.45 -13.85 3
289.44 26.16 3
318.66 -29.65 -2
256.13 43.22 3
255.61 27.22 3
245.05 28.71 3
229.33 12.14 3
217.74 75.65 -2
237.27 36.32 3
245.79 -35.07 3
281.36 66.59 3
265.01 7.65 3
248.13 51.51 3
267.72 -0.62 3
270.42 71.65 3
242.27 12.22 3
237.76 0.64 3
307.97 -3.06 3
231.23 71 3
237.93 44.54 3
206.46 37.77 3
263.46 89.04 3
296.42 57.79 3
263.9 4.1 3
244.83 23.24 3
288.03 -4.54 3
257.46 0.19 3
248.49 59.98 3
235.49 74.55 3
242.69 62.69 3
294.24 6.88 3
258.06 34.08 3
269.55 29.7 3
251.35 -15.68 3
237.63 -33.86 3
213.36 -21.87 3
254.67 25.79 3
331.1 59.28 -2
197.49 43.23 -2
274.22 -16.12 3
259.72 50.33 3
277.56 21.4 3
191.41 60.69 -2
280.5 7.9 3
257.95 45.96 3
249.67 -36.43 3
314.88 25.19 3
250.76 23.87 3
249.95 51.48 3
246.38 38.13 3
281.79 80.21 -2
260.32 5.83 3
248.44 53.97 3
246.75 25.9 3
234.82 15.36 3
291.32 1.2 3
255.71 7.72 3
194.37 -5.12 -2
247.11 48.92 3
245.63 32.67 3
303.98 51.31 -2
281.07 -3.1 3
304.96 89.78 -2
292.42 7.75 3
220.74 35.39 3
293.76 33.46 3
223.48 25.8 3
310.42 20.24 3
282.83 36.25 3
217.38 11.58 3
235.25 44.55 3
234.58 63.08 3
223.47 6.24 3
274.76 67.63 3
274.67 15.92 3
234.67 74.47 3
272.29 42.78 3
235.12 7.42 3
322.92 14 3
266.32 57.47 3
312.81 12.48 3
285.62 -29.25 3
255.19 40.06 3
266.02 35.1 3
260.68 49.46 3
242.3 19.63 3
278.18 15.94 3
232.6 72.42 3
277.77 18.75 3
219.44 -5.02 3
263.95 15.59 3
307.14 36.93 3
277.88 40.31 3
228.03 22.27 3
299.13 6.61 3
235.32 63.54 3
280.12 -3.37 3
262.32 -16.55 3
287.52 39.08 3
259.47 71.19 3
270.37 -47.75 -2
254.06 41.61 3
231.58 37.08 3
272.5 -4.27 3
267.93 89.25 3
241.44 39.18 3
250.37 1.41 3
225.67 6.3 3
286.35 64.03 3
259.71 0.18 3
276.41 52.1 3
260.27 53.7 3
242.31 37.28 3
278.32 45.97 3
225.18 -32.39 3
222.82 61.45 3
270.86 6.59 3
335 22.32 -2
298.19 19.33 3
284.88 -3.11 3
250.19 -6.17 3
205.21 56.36 -2
275.76 -0.32 3
355.56 4.87 -2
220.06 26.68 3
240.55 -20.95 3
210.96 36.35 3
266.98 1.82 3
247.18 38.43 3
262.68 28.71 3
227.17 36.82 3
221.01 4.85 3
246.34 10.94 3
276.26 40.88 3
272.26 54.68 3
245.9 29.33 3
266.16 -0.42 3
258.76 -24.92 3
240.93 -17.9 3
224.95 30.12 3
242.86 -51.16 -2
274.48 8.8 3
263 25.05 3
304.05 19.53 3
269.49 31.72 3
229.76 41.94 3
193.99 31.3 -2
289.38 37.03 3
232.05 -46.86 3
318.21 50.16 -2
272.18 26.81 3
245.5 39.1 3
284.52 43.27 3
260.16 -11.69 3
357.08 7.8 -2
260.75 2.42 3
249.78 50.21 3
290.91 15.05 3
249.98 22.48 3
260.15 38.58 3
258.22 -18.01 3
245.58 -6.07 3
243.15 10.32 3
250.59 58.99 3
266.81 8.42 3
226.02 -0.56 3
281.37 65.06 3
252.36 27.22 3
285.3 49.55 3
281.04 31.69 3
246.62 52.38 3
211.86 -25.57 -2
254.41 8.78 3
234.94 51.91 3
236.87 50.18 3
264.8 47.19 3
251.4 41.58 3
280.66 40.66 3
276.18 -0.94 3
195.86 -22.45 -2
311.78 -6.63 3
226.12 -44.52 3
261.89 13.88 3
248.03 -0.71 3
264.08 110.06 -2
254.92 92.27 -2
240.82 30.86 3
214.26 8.9 3
252.19 -33.7 3
260.13 59.15 3
242.98 13.8 3
272.21 80.3 3
218.37 33.17 3
313.83 4.32 3
252.11 -4.53 3
252.77 56.09 3
252.49 75.62 3
265.8 -49.12 -2
291.2 50.79 3
248.07 -32.55 3
343.04 0.35 -2
211.58 62.15 -2
266.46 -3.72 3
223.07 83.24 -2
271.8 21 3
275.17 18.52 3
255.73 16.68 3
249.54 25.21 3
283.16 26.29 3
285.07 -42.48 -2
265.1 33.12 3
264.94 -25.29 3
308.88 75.33 -2
274.18 14.61 3
280.38 26.15 3
229.69 6.92 3
228.42 2.74 3
314.16 11.07 3
238.66 105.12 -2
264.76 -9 3
273.21 37.47 3
261.97 30.92 3
271.79 69.99 3
307.59 3.17 3
251.01 31.23 3
255.87 71.97 3
254.29 2.02 3
248.62 6.46 3
285.95 13.08 3
191.04 -4.58 -2
250.62 85.7 3
313.34 -13.57 3
239.18 -33.06 3
215.14 66.73 -2
268.33 62.64 3
277.74 70.16 3
244.17 27.56 3
268.79 33.54 3
273.53 12.67 3
319.51 52.38 -2
302.75 6.54 3
247.46 53.59 3
259.61 -18.19 3
257.07 12.82 3
258.92 9.38 3
214.23 -46.16 -2
291.2 28.75 3
245.7 29.53 3
258.48 37.78 3
220.31 93.46 -2
267.03 18.99 3
249.03 21.47 3
242.02 -14.25 3
289.9 -10.17 3
242.84 -7.75 3
285.57 34.68 3
317.13 -46.88 -2
219.85 -13.06 3
268.49 6.27 3
284.59 48.89 3
285.9 10.29 3
262.74 -21.02 3
284.83 17.01 3
241 7.07 3
275.24 10.74 3
254.94 -16.09 3
289.22 55.9 3
258.06 44.85 3
301.67 24.76 3
200.23 10.04 3
253.41 13.8 3
291.13 60.81 3
277.84 5.9 3
295.25 -12.35 3
227.19 27.68 3
278.84 70.64 3
298.86 65.85 3
269.43 20.47 3
260.92 61.91 3
280.14 20.27 3
199.82 20.41 3
278.47 32.71 3
261.7 52.44 3
240.42 61.36 3
293.99 -11.89 3
303.59 11.04 3
272.05 31.09 3
281.57 65.3 3
294.34 -18.25 3
223.55 70.24 3
284.25 58.07 3
297.86 -20.35 3
311.85 -3.83 3
270.01 25.11 3
227.02 -19.83 3
262.58 26.08 3
276.97 55.08 3
282.28 0.16 3
296.98 3.41 3
284.14 27.09 3
240.92 37.41 3
233.91 41.16 3
298.38 15.14 3
274.5 32.27 3
196.96 11.6 3
328.77 54.66 -2
228.34 26.32 3
277.82 19.53 3
272.82 83.39 3
244.72 25.21 3
273.95 -8.43 3
213.16 55.92 -2
280.14 44.9 3
312.84 -27.45 -2
204.67 53.87 -2
244.21 -11.31 3
299.54 24.05 3
269.54 1.83 3
298.49 24.49 3
310.92 9.27 3
277.78 24.67 3
284.06 -0.03 3
252.51 29.23 3
310.73 38.31 -2
257.22 44.88 3
265.67 48.28 3
242.51 49.4 3
248.87 -5.01 3
281.4 61.78 3
236.58 6.11 3
251.94 43.99 3
271.84 102.77 -2
244.33 62.74 3
299.63 16.9 3
243.92 42.73 3
262.71 -11.37 3
259.67 11.23 3
257.23 -0.07 3
250.17 52.56 3
244.46 0.28 3
259.99 74.88 3
205.73 19.72 3
236.62 37.72 3
286.6 34.28 3
296.15 28.03 3
275.68 15.13 3
197.89 2.64 -2
283.63 26.47 3
271.3 -0.49 3
270.05 17.17 3
263.28 10.17 3
289.43 47.56 3
255.54 42.11 3
228.28 51.44 3
277.81 -10.22 3
269.77 53.53 3
244.79 13.82 3
231.61 32.73 3
291.69 73.66 3
234.32 28.79 3
267.67 1.77 3
223.99 32.2 3
235.56 55.38 3
281.5 -7.99 3
244.78 21.36 3
280.34 37.57 3
276.38 -28.43 3
281.47 48.92 3
281.56 -0.83 3
278.26 13.95 3
246.63 -35.62 3
241.67 20.6 3
259.83 -0.75 3
331.98 -54.11 -2
246.59 12.92 3
262.52 -28.83 3
264.57 29.73 3
287.18 8.73 3
254.49 8.04 3
314.14 -12.64 3
295.13 -4.8 3
204.9 11.85 3
234.3 78.99 3
226.48 11.47 3
175.13 67.29 -2
274.99 -15.85 3
265.04 77.24 3
322.16 65.03 -2
241.12 39.28 3
249.48 -6.15 3
276.9 52.81 3
267.7 -51.47 -2
280.71 -11.2 3
237.44 -4.43 3
256.97 -33.56 3
276.42 -20.23 3
272.2 -4.16 3
264.5 66.87 3
225.27 33.59 3
284.84 36.28 3
250.07 59.94 3
238.92 -8.03 3
207.28 72.28 -2
252.91 52.06 3
258.21 28.44 3
261.56 71.94 3
300.17 10.79 3
256.34 49.12 3
215.86 40.54 3
215.11 19.86 3
246.51 61.47 3
283 24.62 3
233.3 30.8 3
234.26 61.27 3
249.85 -39.25 3
284.38 -32.13 3
234.66 6.3 3
254.53 36.84 3
277.75 -27.86 3
239.89 42.98 3
242.82 5.32 3
251.36 25.85 3
250.96 64.13 3
269.12 -9.27 3
233.15 -14.63 3
263.91 67.84 3
264.74 13.58 3
272.03 12.72 3
273.73 58.88 3
319.58 9.27 3
263.46 -8.36 3
263.91 16.41 3
229.05 72.54 3
239.72 -10.89 3
246.09 -5.83 3
292.15 -23.53 -2
250.02 49.5 3
234.96 20.54 3
213.09 13.37 3
261.08 24.62 3
264.34 -8.55 3
332.24 36.46 -2
221.53 -18.61 3
269.92 48.99 3
282.78 83.92 -2
235.29 -10.88 3
259.07 81.36 3
248.83 7.22 3
225.68 -3.85 3
287.4 53.12 3
220.56 15.88 3
209.39 45.63 3
330.33 -3.51 -2
208.92 18.52 3
235.2 -42.05 3
267.15 -34.93 3
307.9 -4.82 3
217.06 63.51 3
274.66 12.65 3
303.19 -10.35 3
245.11 63.49 3
264.48 -1.44 3
270.47 67.74 3
280.62 3.11 3
281.22 11.01 3
263.24 30.77 3
192.78 -13.54 -2
299.12 24.43 3
215.09 -19.37 3
232.97 41.28 3
274.61 -15.76 3
273.75 -1 3
333.11 82.75 -2
266.26 38.25 3
243.96 48.02 3
220.8 14.84 3
285.35 3.86 3
244.98 10.59 3
262.45 24.49 3
220.53 1.82 3
257.36 6.9 3
256.61 17.71 3
239.87 29.55 3
285.83 5.94 3
299.98 6.82 3
227.98 15.54 3
196.58 12.27 3
220.08 68.36 3
233.21 78.08 3
315.92 25.13 3
264.75 14.9 3
244.26 -3.4 3
251.17 13.27 3
258.13 21.58 3
307.52 -15.91 3
253.76 40.09 3
287.51 -5.69 3
262.56 96.88 -2
292.14 67 3
231.45 46.17 3
257.61 9.36 3
224.62 -3.91 3
308.23 1.18 3
293.62 25.43 3
271.41 57.34 3
276.85 15.45 3
243.45 -14.03 3
280.22 23.78 3
257.25 56.95 3
282.39 9.75 3
254.29 51.93 3
298.15 35.62 3
205.17 67.28 -2
282.89 -18.54 3
282.56 -38.47 3
235.84 17.62 3
216.89 20.16 3
285.07 31.81 3
309.35 -5.21 3
240.32 24.89 3
220 46.4 3
324.05 22.51 -2
259.84 15.23 3
263.86 97.56 -2
234.73 60.54 3
290.34 25.56 3
271.49 34.74 3
233.5 10.16 3
276.91 0.49 3
240.95 -14.82 3
239.13 31.83 3
277.24 -42.82 3
227.29 29.44 3
318.65 -28.3 -2
260.52 26.35 3
260.42 57.94 3
286.68 6.59 3
235.54 53.24 3
256.65 10.86 3
225.54 -23.17 3
260.19 -7.62 3
272.76 -24.92 3
260.27 25.14 3
260.22 4.83 3
271.64 25.25 3
286.91 -47.5 -2
155.01 36.78 -2
326.75 48.31 -2
250.83 52.63 3
269.3 5.13 3
281.75 21.09 3
263.63 -1.61 3
302.88 25.41 3
239.04 26.92 3
269.08 23.64 3
261.91 48.71 3
232.92 5.69 3
285.95 -42.73 -2
225.08 35.16 3
214.53 -54.1 -2
289.33 41.11 3
254.68 6.22 3
279.64 29.54 3
232.74 38.84 3
274.23 -21.97 3
237.65 71.92 3
258.3 50.24 3
215.91 31.87 3
233.09 -44.87 3
229.4 24.93 3
241.51 19.92 3
263.25 10.14 3
270.5 14.59 3
252.9 9.9 3
229.88 60.58 3
271.65 34.1 3
274.98 20.04 3
244.65 -1.2 3
261.38 -8.67 3
223.18 -12.17 3
250.04 17.84 3
310.23 41.79 -2
293.83 69.09 3
266.65 31.53 3
298.34 39.68 3
201.3 -16.51 -2
289.24 4.59 3
279.04 20.42 3
271.53 44.43 3
241.89 -1.68 3
258.62 31.95 3
211.84 -50.39 -2
355.04 15.45 -2
221.27 27.92 3
217.48 26.3 3
222.79 48.48 3
263.17 0.86 3
362.43 13.54 -2
274.21 46.12 3
284.23 29.5 3
221.95 -18.78 3
256.12 42.73 3
267.08 50.4 3
307.33 47.51 -2
234.33 34.52 3
311.71 4.34 3
261 41.78 3
240.86 34.47 3
230.24 93.4 -2
246.77 25.24 3
224.45 38.92 3
245.23 7.82 3
229.85 -26.9 3
262.93 69.54 3
234.45 57.74 3
270.79 -8.61 3
218.13 39.86 3
288.96 69.95 3
277.63 39.32 3
235.33 57.24 3
277.63 37.89 3
285.04 -53.12 -2
222.5 18.26 3
271.87 9.46 3
269.27 29.79 3
328.19 17.85 -2
262.05 27.17 3
256.48 43.57 3
217.08 46.65 3
236.57 21.85 3
257.5 21.96 3
270.98 35.32 3
274.13 -22.02 3
272.81 -1.64 3
258.59 -13.01 3
181.78 46.27 -2
259.89 -34.32 3
324.06 49.89 -2
255.84 14.05 3
312.85 46.94 -2
197.05 26.39 3
269.82 5.63 3
205.69 34.23 3
230.59 -8.25 3
313.73 34.51 4
238.54 20.05 3
252.19 -11.05 3
251.72 18.6 3
286.4 37.51 3
287.42 -12.97 3
214.53 16.73 3
284.45 37.53 3
261.37 76.77 3
224.15 1.54 3
302.01 27.67 3
253.65 17.52 3
266.79 17.21 3
244.05 -4.99 3
325.07 32.82 -2
260.38 49.56 3
255.84 22.2 3
277.8 11.44 3
274.79 52.13 3
239.71 12.11 3
234.83 42.96 3
269.39 -40.91 3
244.44 16.22 3
280.21 -28.99 3
200.35 -31.43 -2
250.99 27.71 3
246.07 2.92 3
240.75 29.51 3
292.5 66.06 3
220.98 50.48 3
265.11 70.84 3
264.09 0.68 3
254.78 -3.35 3
271.82 41.33 3
298.61 37.65 3
219.85 38.27 3
254.97 -0.96 3
265.04 81.07 3
234.06 30.39 3
268.78 -6.5 3
261.1 80.83 3
314.2 29.36 3
243.09 -25.24 3
246.39 28.03 3
229.08 0.47 3
254.72 15.95 3
220.82 34.52 3
276.86 2.16 3
311.13 7.46 3
289.27 2.14 3
297.81 29.02 3
239.33 -3.69 3
246.22 13.18 3
275.8 61.75 3
231.64 -20.69 3
321.9 75.53 -2
237.64 43.81 3
251.65 55.41 3
235.44 68.25 3
265.55 36.1 3
240.89 41.68 3
211.5 6.98 3
268.94 8.12 3
234.63 18 3
261.31 4.28 3
266.4 10.55 3
291.15 5.5 3
227.93 10.08 3
292.77 -3.42 3
283.26 50.45 3
297.57 53.92 3
270.18 12.56 3
235.11 42.72 3
263.89 5.35 3
278.45 15.32 3
277.57 -35.09 3
214.7 7.55 3
247.37 63.78 3
286.12 31.04 3
267.22 32.45 3
277.59 -9.91 3
264.84 8.41 3
278.86 5.76 3
283.11 47.42 3
191.98 -4.44 -2
197.18 -35.47 -2
250.03 91.34 -2
246.63 -4.34 3
255.24 -11.01 3
250.24 1.28 3
249.14 93.52 -2
233.01 50.22 3
233.73 -40.09 3
241.16 11.68 3
245.48 46.93 3
269.95 52.07 3
254.31 52.64 3
283.3 42.44 3
279.47 36.66 3
237.03 -31.15 3
247.5 -1.41 3
318.84 28.67 4
277.33 53.58 3
240.43 62.72 3
253 10.53 3
292.8 5.16 3
248.65 19.1 3
296.76 -6.03 3
277.25 67.91 3
257.98 10.11 3
258.84 -5.1 3
257.75 49.17 3
255.29 40.94 3
234.88 -13.25 3
261.58 19.07 3
234.87 -25.75 3
265.3 -24.64 3
284.07 37.83 3
245.56 -9.78 3
308.16 17.04 3
269.63 -5.18 3
251.95 10.48 3
279.87 50.06 3
212.42 46.91 3
272.64 23.84 3
307.97 22.07 3
282.26 40.51 3
283.84 27.84 3
254.89 25.37 3
304.12 10.24 3
259.71 24.74 3
295.35 23.59 3
286.17 15.53 3
284.28 31.93 3
253.4 -43.31 3
274.27 33.41 3
291.98 48.05 3
252.88 -24.13 3
230 3.36 3
253.9 45.64 3
258.44 58.56 3
311.79 -3.63 3
347.3 -18.86 -2
230.75 57.15 3
255.84 56.97 3
294.99 20.87 3
230.79 9.94 3
311.12 6.56 3
243.1 63.29 3
286.91 31.2 3
245.21 -29.63 3
270.16 75.93 3
278.45 6.92 3
291.49 8.98 3
263.68 29.68 3
298.03 1.04 3
296.46 40.76 3
259.23 51.91 3
258.16 35.42 3
272.43 41.9 3
272.28 13.64 3
257.03 -18.88 3
268.23 70.36 3
273.73 -4.08 3
257.01 -35.5 3
278.64 23.59 3
312.83 42.9 4
258.84 -27.68 3
308.14 58.57 -2
251.17 36.77 3
282.86 -13.74 3
260.08 14.41 3
291.52 9.1 3
272.88 7.24 3
271.31 -1.73 3
272.1 -10.05 3
235.89 80.09 3
252.62 62.6 3
257.57 7.03 3
280 -18.58 3
265.75 71.29 3
234.08 71.46 3
268.61 9.27 3
266.4 -3.34 3
295.95 14.36 3
218.67 3.78 3
310.13 -66.34 -2
238.84 -9.36 3
285.28 -9.74 3
265.65 67.06 3
257.16 24.98 3
237.21 53.68 3
237.46 40.82 3
279.64 59.54 3
273.46 17.57 3
256.24 25.45 3
262.43 27.47 3
273.04 56.93 3
224.63 78.87 3
274.63 -34.23 3
288.19 -13.64 3
276.62 25.23 3
228.92 3.56 3
268.97 -1.75 3
262.86 56.32 3
285.64 41.38 3
295.34 77.39 3
296.79 -6.07 3
232.36 83.37 3
225.51 58.77 3
262.12 -10.18 3
330.96 38.18 -2
280.26 -16.74 3
243.05 39.29 3
293.88 28.89 3
249.97 63.97 3
277.37 84.91 -2
274.61 30.06 3
237.8 7.81 3
266.34 63.4 3
300.83 9.6 3
255.98 16.2 3
207.73 31.49 3
247.21 76.16 3
292.48 21.97 3
267.97 -5.83 3
229.25 -13.26 3
278.48 31.04 3
209.36 49.44 3
274.74 19.15 3
311.01 85.79 -2
288.25 48.57 3
294.39 55.05 3
211.06 23.91 3
281.12 24.36 3
337.36 29.31 -2
183.5 32.12 -2
277.83 51.96 3
328.46 10.54 3
271.43 -20.63 3
322.58 14.05 3
210.39 57.44 -2
219.19 15.29 3
281.57 8.99 3
234.26 -22.08 3
306.09 8.54 3
309.52 -1.07 3
234.38 5.86 3
251.3 31.47 3
266.26 62.43 3
270.79 32.2 3
273.39 1.29 3
242.97 53.83 3
284.5 24.15 3
288.56 -6.14 3
334.73 51.05 -2
255.48 -0.27 3
214.42 -3.11 3
293.69 -10.39 3
295.78 21.18 3
285.92 15.69 3
291.06 41.05 3
290.14 28.38 3
289.81 63.68 3
255.13 42.51 3
242.69 26.27 3
270.58 6.82 3
227.05 -2.36 3
255.94 -0.34 3
254.64 -2.06 3
247.77 34.44 3
253.63 70.85 3
321.82 36.16 4
231.57 -39.05 3
279.6 -25.77 3
270.17 24.71 3
265.58 21.5 3
292.03 37.68 3
235.16 54.87 3
272.48 5.97 3
313.95 62.75 -2
218.62 5.96 3
246.87 -3.05 3
289.75 5.14 3
257.88 -4.46 3
309.75 108.04 -2
255.65 99.12 -2
204.85 25.13 3
241.89 -14.87 3
257.47 36.95 3
246.64 42.36 3
217.74 3.06 3
277.62 -5.8 3
245.11 35.98 3
229.1 -16.05 3
243.6 4.01 3
264.03 32.16 3
238.02 31.77 3
272.69 12.76 3
250.7 50.62 3
307.57 6.61 3
234.78 35.59 3
230.13 60.78 3
242.66 -38.51 3
252.2 16.53 3
203.59 40.47 3
269.5 45.16 3
260.85 -9.25 3
279.73 -20.45 3
247.13 28.88 3
312.84 39.16 4
264.36 12.15 3
259.91 -3.89 3
235.18 -28.15 3
280.32 1.85 3
266.95 29.34 3
286.72 -4.6 3
243.04 54.52 3
256.71 92.6 -2
271.38 15.81 3
306.68 57.92 -2
254.01 49.88 3
238.81 17.95 3
272.26 29.38 3
260.08 50.68 3
293.05 12.76 3
287.37 9.37 3
271.64 12.45 3
240.52 70.51 3
230.06 -48.38 3
272.59 -20.38 3
229.34 2.62 3
248.85 11.81 3
209.39 19.79 3
300.87 12.89 3
338.58 24.88 -2
238.99 20.78 3
219.17 47.08 3
-51.16 398.94 5
-57.07 401.74 5
-38.99 393.79 5
-61.9 444.65 5
-94.58 401.88 5
-93.99 371.38 -2
-90 465.04 5
-32.9 424.86 5
-79.98 459.32 5
-20.58 416.66 5
-98.01 413.54 5
-25.52 463.7 5
-72.46 465.86 5
-93.05 443.2 5
-113.61 446.82 5
-90.81 415.81 5
-4.45 443.63 5
-120.94 434.45 5
-97.69 385.03 5
-43.06 460.06 5
-58.06 458.92 5
-69.51 387.84 5
-126.84 434.23 5
-52.21 458.35 5
-103.03 444.73 5
-97.06 423.32 5
-28.47 427.44 5
-79.92 356.94 -2
-91.07 463.26 5
-87.53 345.06 -2
-75.54 360.02 -2
-32.83 478.24 5
-80.86 415.5 5
-150.12 403.83 -2
-65.98 475.33 5
-43.41 452.03 5
-75.78 454.7 5
12.17 422.48 -2
-69.35 467.84 5
-126.33 445.55 5
-30.75 469.55 5
-94.54 421.58 5
-37.14 458.29 5
-76.21 383.58 5
-50.89 413.65 5
-0.46 431.54 5
-45.68 418.41 5
-50.89 435.04 5
-29.35 436.56 5
40.2 429.01 -2
9.67 462.14 -2
-140.69 404.27 -2
-105.09 378.71 5
-67.97 404.32 5
-72.31 485.95 5
-46.87 373.1 5
-26.84 404.1 5
-70.61 477.01 5
-68.27 350.79 -2
-24.49 391.5 5
-15.26 437.72 5
-81.74 431.5 5
-23 402.04 5
-17.72 444.11 5
-32.02 382.93 5
1.67 340.26 -2
-62.59 398.17 5
-105.57 390.57 5
-51.93 462.17 5
-37.96 506.66 -2
-6.46 409.58 5
-49.64 381.08 5
3.23 411.6 5
20.89 405.85 -2
-42.96 437.3 5
1.03 411.65 5
-78.73 453.16 5
-18.38 482 5
-79.05 442.3 5
-89.34 427.21 5
-93.88 450.66 5
-65.32 439.99 5
-54.19 440.53 5
-28.18 446.57 5
-44.17 455.98 5
-43.09 504.5 -2
-57.24 430.28 5
-92.55 423.96 5
-34.18 403.42 5
-57.39 366.4 -2
-81.57 416.8 5
-67 416.63 5
-42.52 440.67 5
-110.17 384.26 5
-38.6 426.21 5
-57.87 403.64 5
-57.74 438.21 5
-104.49 446.66 5
-68.27 397.63 5
-47.03 437.88 5
-69.53 469.82 5
-102.84 419.57 5
-75.88 401.93 5
-42.03 437.85 5
-5.51 448.14 5
-82.12 451.33 5
-27.39 403.8 5
-36.2 415.67 5
-95.56 446.45 5
-60.61 432.83 5
-43.5 479.42 5
-61.78 443.05 5
-111.46 408.16 5
-22.22 397.88 5
-129.84 421.96 -2
-44.09 463.67 5
-83.45 423.25 5
-70.75 413.03 5
-57.24 433.91 5
-32.39 455.83 5
-100.95 412.93 5
-78.52 465.07 5
-51.9 384.5 5
-76.31 401.12 5
-95.59 441.01 5
-44.08 415.84 5
-1.2 454.33 -2
-152.19 382.22 -2
-51.84 437.21 5
-79.73 441.51 5
-130.8 450.81 -2
-59.79 440.96 5
-117.8 391.89 5
-16.73 419.59 5
-66.07 449.27 5
-78.36 441.15 5
-72.53 380.04 5
-72.89 401.81 5
-81.82 422.67 5
-46.86 453.59 5
-45.19 427.33 5
-43.95 457.32 5
-76.93 420.75 5
-80.42 418.76 5
18.41 478.41 -2
-49.55 429.53 5
-125.95 417.23 6
-63.94 405.9 5
-74.51 444.95 5
-77.52 434.55 5
-74.46 443.1 5
-77.27 447.57 5
-31.6 413.16 5
-79.29 455.73 5
-62.07 415.55 5
-33.09 433.82 5
-48.02 408.23 5
-77.53 378.33 5
-39.86 443.33 5
-54.65 418.79 5
-100.73 417.95 5
-151.39 470.77 -2
-120.81 397.93 5
-78.64 383.46 5
-82.62 422.86 5
-110.32 400.81 5
-60.23 461.8 5
-124.03 409.01 6
-108.54 479.01 -2
-47.66 437.69 5
-45.15 414.83 5
-141.31 441.36 -2
-64.84 444.4 5
2.66 401.07 5
-38.88 400 5
-61.42 365.63 -2
-37.67 396.02 5
-74.42 387.61 5
-84 439.11 5
-115.27 392.72 5
-66.04 437.21 5
-98.6 388.36 5
-59.41 409.8 5
-13.84 380.9 -2
-103.34 365.08 -2
-44.41 453.48 5
-64.53 457.53 5
-130.95 441.67 -2
-12.17 379.68 -2
-63.4 494.08 -2
-96.56 423.99 5
-45.32 363.4 -2
-46.83 420.2 5
-95.2 395.75 5
-54.5 436.31 5
-71.11 405.98 5
-108.07 395.52 5
-74.88 426.69 5
-40.49 423.13 5
-4.69 400.01 5
-58.25 451.55 5
-108.19 380.24 5
-62.8 383.35 5
-63.06 456.64 5
-48.74 440.69 5
-49.28 423.77 5
-84.06 440.82 5
4.7 389.48 -2
-40.03 423.98 5
-12.44 478.48 -2
-44.42 397.34 5
-40.49 409.54 5
-27.5 355.75 -2
-61.99 406.47 5
-50.91 433.98 5
-14.52 384.26 -2
-48.24 420.73 5
-82.32 452.42 5
-72.32 419.73 5
-113.86 418.43 5
-43.36 413.99 5
-109.81 450.25 5
-88.72 374.76 5
-63.08 365.11 -2
-64.5 451.91 5
-105.78 394.47 5
-49.1 399.93 5
-131.31 404.72 -2
-66.55 429.07 5
-77.21 472.97 5
-28.89 457.9 5
-63.28 466.51 5
-43.64 447.33 5
-93.28 483.87 -2
-44.96 450.05 5
-90.79 398.12 5
-54.56 446.91 5
-71.46 449.61 5
-70.03 414.43 5
-67.23 440.88 5
-31.89 409.32 5
-67.37 419.95 5
-65.93 442.2 5
-54.62 454.09 5
-81.15 459.84 5
-102.17 454.34 5
-65.31 434.35 5
-85.87 446.38 5
-143.82 472.29 -2
-35.42 421.68 5
-62.92 467.49 5
-41.39 400.05 5
-84.83 454.63 5
-28.53 447.96 5
-22.84 423.11 5
-62.33 395.7 5
-129.49 476.41 -2
-36.55 425.28 5
-25.7 468.21 5
-14.35 407.54 5
-70.37 441.67 5
-67.12 434.3 5
-5.98 463.14 -2
-59.26 397.47 5
-19.55 471.79 5
-62.18 449.92 5
-46.98 488.58 5
-75.55 408.31 5
-65.24 387.94 5
-68.05 403.64 5
-86.85 443.93 5
-49.61 430.52 5
-86.81 443.67 5
-85.01 457.9 5
-52.74 431.27 5
-8.55 416.06 5
-72.2 462.13 5
-83.04 466.35 5
-45.76 416.12 5
-102.55 403.43 5
-63.39 420.57 5
-46.13 432.81 5
-79.88 457.66 5
-93.16 464.6 5
-63.33 429.75 5
-82.76 401.85 5
-94.65 448.58 5
-56.92 408.31 5
-20.22 430.14 5
-37.76 427.22 5
2.46 425.34 -2
-9.19 397.63 5
-67.23 459.88 5
-70.82 407.24 5
-71.1 372.69 5
-42.69 418.94 5
-93.72 409.87 5
-44.99 391.33 5
-62.12 407.63 5
-32.89 472.27 5
-86 426.21 5
-87.97 444 5
-104.4 429.14 5
-97.68 406.53 5
-45.36 401.24 5
-84.12 441.27 5
-40.33 444.07 5
-71.54 459.84 5
-8.69 451.64 5
-43.57 463.59 5
-6.31 416.28 5
-97.95 426.15 5
-68.06 456.27 5
-91.1 452.47 5
-67.44 430.57 5
-129.49 397.66 -2
-72.57 430.69 5
-46.47 440.78 5
-23.38 406.35 5
-44.66 472.4 5
-90.18 400.54 5
-52.35 426.59 5
-67.96 450.37 5
-62.33 412.25 5
-26 429.84 5
-69.39 418.14 5
-140.96 457.89 -2
-66.74 404.4 5
-83.25 452.67 5
-71.92 436.79 5
-105.25 434.31 5
-54.7 425.65 5
-64.97 477.16 5
-15.74 484.19 -2
-56.94 459.86 5
1.17 411.3 5
-67.99 448.89 5
-80.75 399.48 5
-64.24 418.68 5
-51.88 402.01 5
-97.75 445.61 5
-72.04 410.83 5
-54.88 435.98 5
-71.26 437.46 5
-65.05 418.22 5
-41.59 405.39 5
-69.92 454.38 5
-23.02 465.65 5
-13.7 416.41 5
-96.58 436.55 5
-40.91 444.12 5
-21.76 421.44 5
-82.36 438.8 5
-35.81 400.94 5
-84.37 376.23 5
-68.93 442.92 5
-22.75 422.55 5
-54.28 400.8 5
-69.72 443.23 5
-60.92 411.4 5
-35.76 418.62 5
-71.84 443.48 5
-37.14 411.3 5
-81.8 420.05 5
-42.3 425.55 5
-16.29 421.41 5
-56.15 455.69 5
-33.69 401.11 5
-22.43 404.28 5
-52.4 417.13 5
-49.01 439.49 5
-18.68 405.88 5
-86.36 438.18 5
-46.39 435.18 5
-95.72 422.36 5
-100 490.64 -2
-78.15 463.02 5
-73.77 326.47 -2
-70.99 397.06 5
-55.27 476.14 5
-56.21 430.92 5
-117.64 392.67 5
-71.88 429.26 5
-40.63 482.01 5
-71.45 400.11 5
-82.89 466.29 5
-49.69 405.33 5
-74.78 422.83 5
-84.76 418.31 5
-40.79 444.79 5
-69.6 477.69 5
-84.09 393.71 5
-103.87 462.73 5
-43.64 472.37 5
-42.25 427.86 5
-40.5 490 5
-104.47 465.2 5
-87.09 452.02 5
-51.74 458.88 5
-35.85 395.44 5
-67.19 438.34 5
-15.95 435.15 5
-47.12 431.36 5
-31.38 420.08 5
-76.74 442.39 5
-22.67 473.45 5
-138.37 416.34 -2
-87.54 410.24 5
-55.59 423.89 5
-97.64 416.58 5
-95.07 442.47 5
-51.2 390.08 5
-95.85 423.1 5
-21.28 415.23 5
-68.59 412.46 5
-62.97 384.21 5
-89.94 438.12 5
-36.02 424.57 5
-21.13 431.16 5
-101.68 462.58 5
-79.59 419.21 5
-19.42 368.66 -2
-59.96 451.53 5
-51.46 445.61 5
-46.78 478.98 5
-33.4 452.96 5
-94.86 455.62 5
-84.81 463.17 5
-23.08 390.79 5
-57.02 435.13 5
-42.23 472.06 5
-72.71 424.33 5
-115.52 428.37 5
-66.83 416.69 5
-64.01 434.97 5
-39.58 423.41 5
-57.13 454.75 5
-88.63 406.46 5
-66.71 467.77 5
-51.98 428.93 5
-69.48 462.38 5
-72.01 441.85 5
-30.89 405.23 5
-58.69 374.09 5
-48.24 428.78 5
-97.29 433.41 5
-27.63 450.55 5
-79.48 422.95 5
-84.18 434.76 5
-96.02 460.09 5
-100.61 433.13 5
-87.93 434.95 5
-70.92 460.53 5
-57.79 425.89 5
-54.13 451.99 5
-79.43 408.32 5
-58.5 489.62 -2
-77.35 379.93 5
-18.06 407.47 5
-100.79 471.38 5
-62.16 361.61 -2
-53.29 438.94 5
-97.88 495.57 -2
8.89 396.22 -2
-102.23 427.34 5
-30.95 404.33 5
-28.89 384.8 5
-34.79 384.3 5
-12.2 364.56 -2
-66.87 428.44 5
-63.34 421.62 5
-80.1 396.58 5
-112.58 429.03 5
-113.48 451.13 5
-33.86 438.49 5
-42.93 446.68 5
-79.05 413.88 5
-71.91 460.59 5
-0.58 394.09 5
-82.32 451.43 5
-82.13 439.88 5
-91.74 414.62 5
-3.56 393.75 5
-72.95 436.2 5
-41.49 431.14 5
-76.07 378.39 5
-46.55 430.77 5
-63.87 410.09 5
-99.46 390.8 5
-34.14 422.87 5
-52.43 421.92 5
-30.96 460.97 5
-71.12 409.17 5
-79.93 425.59 5
-75.88 428.17 5
-84.64 449.23 5
-82 416.3 5
-86 397.21 5
-73.78 423.48 5
-21.47 398.17 5
-62.19 444.22 5
-93.31 447.56 5
-68.27 379.67 5
-17.15 383.12 -2
-25.48 459.6 5
-45.85 387.86 5
-69.38 388.78 5
-75.47 457.78 5
-32.67 462.49 5
-64.81 421.08 5
-103.42 458.46 5
-76.14 389.06 5
-66 424.98 5
-22.51 418.36 5
-101.72 424.14 5
-56.17 378.24 5
-66.83 425.06 5
-134.13 430.39 -2
-114.42 463.78 5
-87.6 440.73 5
-95.76 389.28 5
-17.95 438.61 5
-43.94 442.99 5
-52.58 407.75 5
-87.37 470.88 5
-100.36 403.19 5
-45.57 406.97 5
-24.52 427.8 5
-71.26 452.15 5
-27.64 417.51 5
-52.37 438.36 5
-76.3 429.47 5
-63.27 393.95 5
-43.91 437.13 5
-66.28 390.22 5
-25.52 425.52 5
-2.23 441.17 5
-31.98 414.54 5
-116.8 431.51 5
-104.33 429.01 5
-74.66 403.6 5
-44.23 392.37 5
-73.63 426.32 5
-57.41 429.85 5
-28.13 419.42 5
-103.57 444.06 5
-103.68 474.81 5
-58.72 395.5 5
-41.28 385.62 5
-29.43 468 5
-79.35 430.78 5
-53.57 472.76 5
-85.42 449.9 5
20.19 432.73 -2
-109.27 460.28 5
-80.23 385.26 5
-45.66 395.18 5
-74.33 354.94 -2
-114.64 432.44 5
-55.73 384.53 5
-114.86 442.62 5
-71.77 379.09 5
-37.33 426.39 5
-90.49 448.29 5
-97.75 418.79 5
-62.69 473.73 5
-40.19 378.04 5
-113.59 435.51 5
-67.65 430.71 5
-143.13 434.46 -2
-104.43 395.35 5
-101.95 406.95 5
-39.16 409.59 5
-76.42 369.33 5
-95.41 423.18 5
-35.43 384.2 5
-130.73 413.72 6
-35.56 453.56 5
-75.58 451.7 5
-65.36 402.02 5
-67.44 458.75 5
-37.88 411.36 5
-33.95 428.69 5
-84.15 442.24 5
-88.55 422.65 5
-63.77 410.16 5
-50.24 438.58 5
-61.98 431.29 5
-33.95 435.78 5
-63.41 385.15 5
-61.64 469.53 5
-41.14 403.29 5
-89.1 421.48 5
-121.66 456.73 -2
-33.25 461.4 5
-11.87 434.04 5
-120.33 441.04 5
-88.27 434.3 5
-54.45 436.43 5
-49.67 360.06 -2
-90.14 409.97 5
-11.3 446.51 5
-81.23 370.69 5
-61.21 393.99 5
-110.93 455.5 5
-87.4 406.47 5
-45.96 477.54 5
-105.29 434.87 5
-50.32 483.68 5
-62.2 418.04 5
-155.31 463.86 -2
-28.57 453.04 5
-87.24 412.87 5
-93.64 463.24 5
-67.43 410.38 5
-47.51 436.9 5
-24.41 377.86 5
-99.8 391.93 5
-105.65 437.61 5
38.24 465.1 -2
-56.31 418.98 5
-93.02 433.04 5
-68.43 452.67 5
-71.76 398.78 5
-136 425.51 -2
-51.58 415.5 5
-33.19 416.64 5
-64.55 460.57 5
-26.31 409.57 5
-48.98 405.23 5
-83.09 434.08 5
-82.22 498.14 -2
28.37 426.86 -2
-44.38 414.36 5
-33.43 447.73 5
-97.12 445.62 5
-100.95 441.77 5
-75.62 425.4 5
-6.07 371.75 -2
-113.37 461.06 5
-59.26 397.08 5
-70.33 466.23 5
-21.2 378.07 5
-63.99 453.98 5
-51.36 469.59 5
-47.35 431.99 5
-99.65 413.19 5
-53.63 376.26 5
-62.47 426.88 5
-44.63 384.88 5
-101.25 458.52 5
-63.7 466.3 5
-28.09 413.02 5
-65.84 473.08 5
-39.99 411.93 5
-60.34 430.21 5
-56.48 450.78 5
-89.85 401.8 5
-57.5 421.1 5
-54.96 442.06 5
-75.15 443.95 5
-50.31 413.59 5
-87.54 460.08 5
-98.32 436.67 5
-110.95 369.58 -2
-66.64 436.41 5
-95.12 373.34 -2
-96.03 455.45 5
-57.3 365.56 -2
-129.59 431.26 5
-101.08 456.85 5
-61.75 387.84 5
-51.01 463.39 5
-65.4 474.7 5
-56.09 422.13 5
-60.6 509.82 -2
-73.6 436.57 5
-83.89 419.84 5
-93.61 425.26 5
-63.29 403.38 5
-131.75 409.31 6
-45.86 373.37 5
-41.01 450.65 5
-111.66 415.03 5
-32.68 408.75 5
-68.34 418.67 5
-48.86 453.08 5
-56.42 456.98 5
-69.44 441.13 5
-50.81 410.18 5
-47.01 430.84 5
-56.5 424.36 5
-51.79 433.18 5
-67.33 436.63 5
-36.61 408.84 5
-103.98 451.22 5
-75.09 423.16 5
-5.04 425.81 5
-63.84 364.79 -2
-96.83 396.77 5
-106.69 442.58 5
-53.81 442 5
-87.76 419.72 5
-76.68 433.11 5
-47.38 345.7 -2
-90.51 485.11 -2
-57.47 408.78 5
-108.17 385.07 5
-45.28 442.95 5
-78.7 431.2 5
-76.38 397.52 5
-95.18 390.58 5
-61.08 460.3 5
-47.37 415.92 5
-97.76 421.05 5
-79.09 398.05 5
-116.4 431 5
-128.72 479.07 -2
-106.99 395.26 5
-99.21 388.22 5
-100.21 440.9 5
-75.78 462.77 5
-147.35 417.92 -2
-66.11 434.42 5
-74.59 428.96 5
-20.42 424.5 5
-54.75 417.44 5
-33.52 428.61 5
-61.56 387.84 5
-83.88 460.71 5
-46.78 388.34 5
-104.88 415.39 5
-22.65 430.32 5
-26.68 404.27 5
-94.28 448.8 5
-24.32 441.45 5
-72.61 434.54 5
-35.54 412.99 5
-69.42 410.05 5
-35.88 426.43 5
-82.02 406.15 5
-38.45 436.79 5
-119.92 414.42 6
-22.2 466.51 5
-89.63 445.84 5
-29.79 376.11 5
-69 432.96 5
-69.18 405.41 5
-85.54 462.02 5
-108.82 445.84 5
-2.76 440.27 5
-56.81 422.61 5
-54.71 418.41 5
-47.04 365.74 -2
-81.55 469.36 5
-92.66 397.41 5
-33.15 409.17 5
-94.22 441.9 5
-71.27 418.74 5
-70.58 413.13 5
-102.18 384.38 5
-63.06 393.72 5
-58.98 470.55 5
-30.54 401.67 5
-53.36 404.44 5
-58.18 400.38 5
-63.29 461.77 5
-26.63 498.51 -2
-82.71 340.51 -2
-33.52 398.41 5
-32.08 392.13 5
-61.12 353.77 -2
-58.41 433.4 5
-68.13 425.61 5
-31.2 427.94 5
-52.94 439.75 5
-68.05 412.33 5
-82.39 466.23 5
-59.99 463.39 5
-16.55 408.2 5
-2.17 404.41 5
-104.13 394.37 5
-116.14 416.44 6
-45.15 429.62 5
-71.01 437 5
-68.31 444.17 5
-51.2 472.54 5
-81.76 477.82 5
-21.35 399.26 5
-75.32 471.47 5
-41.7 423 5
-71.37 464.08 5
-107.16 355.27 -2
-65.51 446.63 5
-47.1 393.57 5
-12.26 403.59 5
-47.06 386.43 5
-13.25 419.83 5
-28.23 458.32 5
-62.33 432.64 5
-118.18 453.64 5
-62.4 409.55 5
-95.68 459.18 5
-68.54 407.7 5
-54.38 402.42 5
-39.7 464.13 5
-85.27 418.3 5
-67.07 410.53 5
-104.84 382.56 5
-80.74 485.6 -2
-42.13 465.81 5
-85.48 440.99 5
-60.71 439.39 5
-38.47 443.4 5
-15.62 444.14 5
-41.12 416.53 5
-3.1 398.98 5
-66.24 479.76 5
-78.92 385.09 5
-91.37 436.14 5
-80.14 420.06 5
-89.78 373.99 5
-97.32 441.16 5
-84.58 389.36 5
-105.35 463.16 5
-1.61 436.44 5
-77.73 443.11 5
-81.39 387.07 5
-69.88 412.69 5
-27.89 461.97 5
-37.15 377.94 5
-63.26 401.62 5
-63.75 414.4 5
-44.89 428.18 5
-75.72 389.16 5
-48.54 447.26 5
-128.95 424.84 6
-80.59 394.34 5
-43.86 429.73 5
-62.33 464.96 5
-80.06 557.61 -2
-53.69 458.24 5
-62.97 440.32 5
-60.01 451.6 5
-16.57 454.12 5
-80.31 406.02 5
-51.13 453.76 5
-77.23 414.98 5
-137 419.67 -2
-44.65 393.83 5
-92.37 428.79 5
-84.8 392.13 5
-67.37 449.71 5
-54.94 447.7 5
-33.5 383.23 5
-53.81 444.9 5
-73.38 388.25 5
-77.67 372.42 5
-45.76 441.95 5
-66.95 344.61 -2
-28.57 453.33 5
-71.69 455.17 5
-80.33 408.97 5
-30.53 410.57 5
1.12 403.36 5
-25.56 471.29 5
-108.21 398.63 5
-36.26 379.29 5
-58.58 386.95 5
-50.74 391.46 5
-36.97 410.75 5
-96.83 415.65 5
-124.6 424.95 5
-63.91 416.93 5
-63.17 431.78 5
-7.15 396.03 5
-37.66 480.76 5
-20.93 442.5 5
-44 452.09 5
-59.67 440.42 5
-57.08 387.38 5
-70.49 461.85 5
-26.84 406.88 5
-26.54 392.72 5
-87.77 432.4 5
-19.33 405.14 5
-82.1 451.12 5
-16.9 439.55 5
-97.36 433.23 5
-116.61 439.89 5
-72.78 414.04 5
-68.71 419.71 5
-92.68 402.35 5
-48.36 472.32 5
-98.61 412.26 5
-84.59 398.38 5
-54.89 400.74 5
-46.91 461.25 5
-91.21 432 5
-47.14 442.26 5
-28.2 438.03 5
-40.96 474.97 5
-99.6 434.57 5
-48.97 336.93 -2
-22.32 432.46 5
-122 411.33 6
-78.14 478.63 5
-92.94 439.14 5
-65.1 384.31 5
-60.31 438.59 5
-52.42 420.08 5
-54.91 483.94 5
-79.25 450.7 5
-89.78 432.54 5
-90.58 399.37 5
-91.88 450.78 5
-160.19 429.56 -2
-20.71 408.75 5
-95.65 424.94 5
-56.3 476.24 5
-17.95 443.66 5
11.49 387.75 -2
-75.64 458.62 5
-62.96 432.17 5
-43.11 447.61 5
-88.49 420.62 5
-99.38 400.29 5
-85.61 444.68 5
-26.09 465.01 5
-70.56 436.8 5
-72.73 445.78 5
-46.9 427.92 5
-37.96 419.17 5
-76.59 436.17 5
-100.7 421.19 5
-51.2 434.37 5
-62.85 411.08 5
-85.88 445.05 5
-114.39 432.73 5
-54.43 428.46 5
-60.35 433.89 5
-43.95 479.67 5
-86.39 454.94 5
-65.54 388.32 5
-68.22 407.83 5
-34.45 421.93 5
-56.45 406.82 5
-69.6 436.86 5
-77.71 441.44 5
-109.98 426.93 5
-14.5 468.25 5
-116.41 420.03 5
-97.11 394.18 5
-64.43 471.38 5
-6.97 427.31 5
-77.72 410.43 5
-56.58 445.87 5
-41.18 435.8 5
-48.29 452.43 5
-45.25 470.05 5
-30.3 413.73 5
-94.93 426.57 5
-51.7 433.66 5
-38.96 484.94 5
-19.52 459.51 5
-81.35 381.78 5
-10.18 459.31 5
-86.54 430.74 5
-13.97 450.61 5
-99.38 475.22 -2
-36.94 395.86 5
-128.52 401.72 -2
-25.14 430.79 5
-89.14 414.83 5
-86.01 402.14 5
-72.78 442.36 5
-120.65 440.47 5
-41.52 441.07 5
-55.55 504.49 -2
-35.71 415.47 5
-85.82 395.5 5
-46.34 426.83 5
-3.49 439.45 5
-6.76 434.7 5
-76.25 408.97 5
-30.59 401.24 5
-74.63 466.68 5
-75.78 442.51 5
-61.99 420.72 5
-71.67 419.57 5
-55.04 382.38 5
-63.63 398.34 5
3.39 424.34 -2
-82.27 420.21 5
-139.55 439.05 -2
-25.66 377.45 5
-81.11 430.66 5
-83.69 397.43 5
-103.71 438.49 5
-73.74 432.68 5
